
// 	c1_mon_1 := []int{0, 0, 0, 0, 0, 0, 0, 0, 0, 1, 1, 1, 1, 0, 1, 0, 0}
// 	c1_mon_2 := []int{0, 0, 0, 1, 1, 0, 0, 1, 1, 1, 1, 0, 1, 1, 1, 1, 1}
// 	c1_tue_1 := []int{0, 0, 0, 0, 0, 0, 0, 0, 0, 1, 1, 1, 1, 0, 1, 1, 1}
// 	c1_tue_2 := []int{1, 1, 1, 1, 1, 0, 0, 1, 1, 1, 1, 0, 1, 1, 1, 1, 1}
// 	c1_wed_1 := []int{0, 0, 0, 0, 0, 0, 0, 0, 0, 1, 1, 1, 1, 0, 1, 0, 0}
// 	c1_wed_2 := []int{0, 0, 0, 0, 1, 0, 0, 1, 1, 1, 1, 0, 1, 1, 1, 1, 1}
// 	c1_thu_1 := []int{0, 0, 0, 0, 0, 0, 0, 0, 0, 1, 1, 1, 1, 0, 1, 1, 1}
// 	c1_thu_2 := []int{1, 1, 1, 1, 1, 0, 0, 1, 1, 1, 1, 0, 1, 1, 1, 1, 1}
// 	c1_fri_1 := []int{0, 0, 0, 0, 0, 0, 0, 0, 0, 1, 1, 1, 1, 0, 1, 1, 1}
// 	c1_fri_2 := []int{1, 1, 1, 1, 1, 0, 0, 1, 1, 1, 1, 0, 1, 1, 1, 1, 1}
// 	c2_mon_1 := []int{0, 0, 0, 0, 0, 0, 1, 1, 1, 1, 0, 1, 1, 1, 1, 1, 1}
// 	c2_mon_2 := []int{1, 1, 0, 0, 1, 1, 1, 1, 0, 1, 1, 1, 1, 1, 1, 1, 1}
// 	c2_tue_1 := []int{0, 0, 0, 0, 0, 0, 1, 1, 1, 1, 0, 1, 1, 1, 1, 1, 1}
// 	c2_tue_2 := []int{1, 1, 0, 0, 1, 1, 1, 0, 0, 0, 0, 0, 0, 1, 1, 1, 1}
// 	c2_wed_1 := []int{0, 0, 0, 0, 0, 0, 1, 1, 1, 1, 0, 1, 1, 1, 1, 1, 1}
// 	c2_wed_2 := []int{1, 1, 0, 0, 1, 1, 1, 1, 0, 1, 1, 1, 1, 1, 1, 1, 1}
// 	c2_thu_1 := []int{0, 0, 0, 0, 0, 0, 1, 1, 1, 1, 0, 1, 1, 1, 1, 1, 1}
// 	c2_thu_2 := []int{1, 1, 0, 0, 1, 1, 1, 0, 0, 0, 0, 0, 0, 1, 1, 1, 1}
// 	c2_fri_1 := []int{0, 0, 0, 0, 0, 0, 1, 1, 1, 1, 0, 1, 1, 1, 1, 1, 1}
// 	c2_fri_2 := []int{1, 1, 0, 0, 1, 1, 1, 1, 0, 1, 1, 1, 1, 1, 1, 1, 1}
// 	c3_mon_1 := []int{1, 1, 1, 1, 0, 1, 1, 1, 1, 1, 1, 1, 1, 0, 0, 0, 0}
// 	c3_mon_2 := []int{0, 0, 0, 0, 1, 1, 1, 1, 1, 1, 1, 1, 1, 1, 1, 1, 1}
// 	c3_tue_1 := []int{1, 1, 1, 1, 0, 1, 1, 1, 1, 1, 1, 1, 1, 0, 0, 1, 1}
// 	c3_tue_2 := []int{1, 1, 0, 1, 1, 1, 1, 1, 1, 1, 1, 1, 1, 1, 1, 1, 1}
// 	c3_wed_1 := []int{1, 1, 1, 1, 0, 1, 1, 1, 1, 1, 1, 1, 1, 0, 0, 0, 0}
// 	c3_wed_2 := []int{0, 0, 0, 0, 1, 1, 1, 1, 1, 1, 1, 1, 1, 1, 1, 1, 1}
// 	c3_thu_1 := []int{1, 1, 1, 1, 0, 1, 1, 1, 1, 1, 1, 1, 1, 0, 0, 1, 1}
// 	c3_thu_2 := []int{1, 1, 0, 1, 1, 1, 1, 1, 1, 1, 1, 1, 1, 1, 1, 1, 1}
// 	c3_fri_1 := []int{1, 1, 1, 1, 0, 1, 1, 1, 1, 1, 1, 1, 1, 0, 0, 1, 1}
// 	c3_fri_2 := []int{1, 1, 0, 1, 1, 1, 1, 1, 1, 1, 1, 1, 1, 1, 1, 1, 1}
// 	c4_mon_1 := []int{1, 1, 1, 1, 0, 1, 1, 1, 1, 1, 1, 1, 1, 0, 0, 1, 1}
// 	c4_mon_2 := []int{1, 1, 0, 1, 1, 1, 1, 1, 1, 1, 1, 1, 1, 1, 1, 1, 1}
// 	c4_tue_1 := []int{1, 1, 1, 0, 0, 0, 0, 0, 0, 1, 1, 1, 1, 0, 0, 1, 1}
// 	c4_tue_2 := []int{1, 1, 0, 1, 1, 1, 1, 1, 1, 1, 1, 1, 1, 1, 1, 1, 1}
// 	c4_wed_1 := []int{1, 1, 1, 1, 0, 1, 1, 1, 1, 1, 1, 1, 1, 0, 0, 1, 1}
// 	c4_wed_2 := []int{1, 1, 0, 1, 1, 1, 1, 1, 1, 1, 1, 1, 1, 1, 1, 1, 1}
// 	c4_thu_1 := []int{1, 1, 1, 1, 0, 1, 1, 1, 1, 1, 1, 1, 1, 0, 0, 1, 1}
// 	c4_thu_2 := []int{1, 1, 0, 1, 1, 1, 1, 1, 1, 1, 1, 1, 1, 1, 1, 1, 1}
// 	c4_fri_1 := []int{1, 1, 1, 0, 0, 0, 0, 0, 0, 1, 1, 1, 1, 0, 0, 1, 1}
// 	c4_fri_2 := []int{1, 1, 0, 1, 1, 1, 1, 1, 1, 1, 1, 1, 1, 1, 1, 1, 1}
// 	c5_mon_1 := []int{0, 0, 0, 0, 0, 0, 0, 0, 0, 1, 1, 1, 1, 0, 1, 1, 1}
// 	c5_mon_2 := []int{1, 1, 1, 1, 1, 0, 0, 1, 1, 1, 1, 0, 1, 1, 1, 1, 1}
// 	c5_tue_1 := []int{0, 0, 0, 0, 0, 0, 0, 0, 0, 1, 1, 1, 1, 0, 1, 1, 1}
// 	c5_tue_2 := []int{1, 1, 1, 1, 1, 0, 0, 1, 1, 1, 1, 0, 1, 1, 1, 1, 1}
// 	c5_wed_1 := []int{0, 0, 0, 0, 0, 0, 0, 0, 0, 1, 1, 1, 1, 0, 1, 1, 1}
// 	c5_wed_2 := []int{1, 1, 1, 1, 1, 0, 0, 1, 1, 1, 1, 0, 1, 1, 1, 1, 1}
// 	c5_thu_1 := []int{0, 0, 0, 0, 0, 0, 0, 0, 0, 0, 0, 0, 0, 0, 0, 0, 0}
// 	c5_thu_2 := []int{0, 0, 0, 0, 1, 0, 0, 1, 1, 1, 1, 0, 1, 1, 1, 1, 1}
// 	c5_fri_1 := []int{0, 0, 0, 0, 0, 0, 0, 0, 0, 1, 1, 1, 1, 0, 1, 1, 1}
// 	c5_fri_2 := []int{1, 1, 1, 1, 1, 0, 0, 1, 1, 1, 1, 0, 1, 1, 1, 1, 1}
// 	c6_mon_1 := []int{1, 1, 1, 1, 0, 1, 1, 1, 1, 1, 1, 1, 1, 0, 0, 1, 1}
// 	c6_mon_2 := []int{1, 1, 0, 1, 1, 1, 1, 1, 1, 1, 1, 1, 1, 1, 1, 1, 1}
// 	c6_tue_1 := []int{1, 1, 1, 1, 0, 1, 1, 1, 1, 1, 1, 1, 1, 0, 0, 1, 1}
// 	c6_tue_2 := []int{1, 1, 0, 1, 1, 1, 1, 1, 1, 1, 1, 1, 1, 1, 1, 1, 1}
// 	c6_wed_1 := []int{1, 1, 1, 1, 0, 1, 0, 0, 0, 0, 0, 0, 1, 0, 0, 1, 1}
// 	c6_wed_2 := []int{1, 1, 0, 1, 1, 1, 1, 1, 1, 1, 1, 1, 1, 1, 1, 1, 1}
// 	c6_thu_1 := []int{1, 1, 1, 1, 0, 1, 1, 1, 1, 1, 1, 1, 1, 0, 0, 1, 1}
// 	c6_thu_2 := []int{1, 1, 0, 1, 1, 1, 1, 1, 1, 1, 1, 1, 1, 1, 1, 1, 1}
// 	c6_fri_1 := []int{1, 1, 1, 1, 0, 1, 0, 0, 0, 0, 0, 0, 1, 0, 0, 1, 1}
// 	c6_fri_2 := []int{1, 1, 0, 1, 1, 1, 1, 1, 1, 1, 1, 1, 1, 1, 1, 1, 1}
// 	c7_mon_1 := []int{0, 0, 0, 0, 0, 0, 0, 0, 0, 1, 1, 1, 1, 0, 1, 1, 1}
// 	c7_mon_2 := []int{1, 1, 1, 1, 1, 0, 0, 1, 1, 1, 1, 0, 1, 1, 1, 1, 1}
// 	c7_tue_1 := []int{0, 0, 0, 0, 0, 0, 0, 0, 0, 1, 1, 1, 1, 0, 1, 1, 1}
// 	c7_tue_2 := []int{1, 1, 1, 1, 1, 0, 0, 0, 0, 0, 0, 0, 0, 1, 1, 1, 1}
// 	c7_wed_1 := []int{0, 0, 0, 0, 0, 0, 0, 0, 0, 1, 1, 1, 1, 0, 1, 1, 1}
// 	c7_wed_2 := []int{1, 1, 1, 1, 1, 0, 0, 1, 1, 1, 1, 0, 1, 1, 1, 1, 1}
// 	c7_thu_1 := []int{0, 0, 0, 0, 0, 0, 0, 0, 0, 1, 1, 1, 1, 0, 1, 1, 1}
// 	c7_thu_2 := []int{1, 1, 1, 1, 1, 0, 0, 0, 0, 0, 0, 0, 0, 1, 1, 1, 1}
// 	c7_fri_1 := []int{0, 0, 0, 0, 0, 0, 0, 0, 0, 1, 1, 1, 1, 0, 1, 1, 1}
// 	c7_fri_2 := []int{1, 1, 1, 1, 1, 0, 0, 1, 1, 1, 1, 0, 1, 1, 1, 1, 1}
// 	c8_mon_1 := []int{1, 1, 1, 1, 0, 1, 1, 1, 1, 1, 1, 1, 1, 0, 0, 1, 1}
// 	c8_mon_2 := []int{1, 1, 0, 1, 1, 1, 1, 1, 1, 1, 1, 1, 1, 1, 1, 1, 1}
// 	c8_tue_1 := []int{1, 1, 1, 1, 0, 1, 1, 1, 1, 1, 1, 1, 1, 0, 0, 1, 1}
// 	c8_tue_2 := []int{1, 1, 0, 1, 1, 1, 1, 1, 1, 1, 1, 1, 1, 1, 1, 1, 1}
// 	c8_wed_1 := []int{1, 1, 1, 1, 0, 1, 1, 1, 1, 1, 1, 1, 1, 0, 0, 1, 1}
// 	c8_wed_2 := []int{1, 1, 0, 1, 1, 1, 1, 1, 1, 1, 1, 1, 1, 1, 1, 1, 1}
// 	c8_thu_1 := []int{0, 0, 0, 0, 0, 0, 0, 0, 0, 0, 0, 0, 1, 0, 0, 1, 1}
// 	c8_thu_2 := []int{1, 1, 0, 1, 1, 1, 1, 1, 1, 1, 1, 1, 1, 1, 1, 1, 1}
// 	c8_fri_1 := []int{1, 1, 1, 1, 0, 1, 1, 1, 1, 1, 1, 1, 1, 0, 0, 1, 1}
// 	c8_fri_2 := []int{1, 1, 0, 1, 1, 1, 1, 1, 1, 1, 1, 1, 1, 1, 1, 1, 1}
// 	c9_mon_1 := []int{1, 1, 1, 1, 0, 1, 1, 1, 1, 1, 1, 1, 1, 0, 0, 1, 1}
// 	c9_mon_2 := []int{1, 1, 0, 1, 1, 1, 1, 1, 1, 1, 1, 1, 1, 1, 1, 1, 1}
// 	c9_tue_1 := []int{1, 1, 1, 1, 0, 1, 0, 0, 0, 0, 0, 0, 1, 0, 0, 1, 1}
// 	c9_tue_2 := []int{1, 1, 0, 1, 1, 1, 1, 1, 1, 1, 1, 1, 1, 1, 1, 1, 1}
// 	c9_wed_1 := []int{1, 1, 1, 1, 0, 1, 1, 1, 1, 1, 1, 1, 1, 0, 0, 1, 1}
// 	c9_wed_2 := []int{1, 1, 0, 1, 1, 1, 1, 1, 1, 1, 1, 1, 1, 1, 1, 1, 1}
// 	c9_thu_1 := []int{1, 1, 1, 1, 0, 1, 1, 1, 1, 1, 1, 1, 1, 0, 0, 1, 1}
// 	c9_thu_2 := []int{1, 1, 0, 1, 1, 1, 1, 1, 1, 1, 1, 1, 1, 1, 1, 1, 1}
// 	c9_fri_1 := []int{1, 1, 1, 1, 0, 1, 0, 0, 0, 0, 0, 0, 1, 0, 0, 1, 1}
// 	c9_fri_2 := []int{1, 1, 0, 1, 1, 1, 1, 1, 1, 1, 1, 1, 1, 1, 1, 1, 1}
// 	c10_mon_1 := []int{1, 1, 1, 1, 0, 1, 1, 1, 1, 0, 0, 0, 0, 0, 0, 0, 0}
// 	c10_mon_2 := []int{0, 1, 0, 1, 1, 1, 1, 1, 1, 1, 1, 1, 1, 1, 1, 1, 1}
// 	c10_tue_1 := []int{1, 1, 1, 1, 0, 1, 1, 1, 1, 1, 1, 1, 1, 0, 0, 1, 1}
// 	c10_tue_2 := []int{1, 1, 0, 1, 1, 1, 1, 1, 1, 1, 1, 1, 1, 1, 1, 1, 1}
// 	c10_wed_1 := []int{1, 1, 1, 1, 0, 1, 1, 1, 1, 1, 1, 1, 1, 0, 0, 1, 1}
// 	c10_wed_2 := []int{1, 1, 0, 1, 1, 1, 1, 1, 1, 1, 1, 1, 1, 1, 1, 1, 1}
// 	c10_thu_1 := []int{1, 1, 1, 1, 0, 1, 1, 1, 1, 1, 1, 1, 1, 0, 0, 1, 1}
// 	c10_thu_2 := []int{1, 1, 0, 1, 1, 1, 1, 1, 1, 1, 1, 1, 1, 1, 1, 1, 1}
// 	c10_fri_1 := []int{1, 1, 1, 1, 0, 1, 1, 1, 1, 0, 0, 0, 0, 0, 0, 0, 0}
// 	c10_fri_2 := []int{0, 1, 0, 1, 1, 1, 1, 1, 1, 1, 1, 1, 1, 1, 1, 1, 1}
// 	m1_mon_1 := []int{1, 1, 1, 1, 0, 1, 1, 1, 1, 1, 1, 1, 1, 0, 0, 1, 1}
// 	m1_mon_2 := []int{1, 1, 0, 1, 1, 1, 1, 1, 1, 1, 1, 1, 1, 1, 1, 1, 1}
// 	m1_tue_1 := []int{1, 1, 1, 1, 0, 1, 1, 1, 1, 1, 1, 1, 1, 0, 0, 1, 1}
// 	m1_tue_2 := []int{1, 0, 0, 0, 0, 0, 0, 1, 1, 1, 1, 1, 1, 1, 1, 1, 1}
// 	m1_wed_1 := []int{1, 1, 1, 1, 0, 1, 1, 1, 1, 1, 1, 1, 1, 0, 0, 1, 1}
// 	m1_wed_2 := []int{1, 1, 0, 1, 1, 1, 1, 1, 1, 1, 1, 1, 1, 1, 1, 1, 1}
// 	m1_thu_1 := []int{1, 1, 1, 1, 0, 1, 1, 1, 1, 1, 1, 1, 1, 0, 0, 1, 1}
// 	m1_thu_2 := []int{1, 0, 0, 0, 0, 0, 0, 1, 1, 1, 1, 1, 1, 1, 1, 1, 1}
// 	m1_fri_1 := []int{1, 1, 1, 1, 0, 1, 1, 1, 1, 1, 1, 1, 1, 0, 0, 1, 1}
// 	m1_fri_2 := []int{1, 1, 0, 1, 1, 1, 1, 1, 1, 1, 1, 1, 1, 1, 1, 1, 1}
// 	m2_mon_1 := []int{1, 1, 1, 1, 0, 1, 1, 1, 1, 1, 1, 1, 1, 0, 0, 0, 0}
// 	m2_mon_2 := []int{0, 0, 0, 0, 1, 1, 1, 1, 1, 1, 1, 1, 1, 1, 1, 1, 1}
// 	m2_tue_1 := []int{1, 1, 1, 1, 0, 1, 1, 1, 1, 1, 1, 1, 1, 0, 0, 1, 1}
// 	m2_tue_2 := []int{1, 1, 0, 1, 1, 1, 1, 1, 1, 1, 1, 1, 1, 1, 1, 1, 1}
// 	m2_wed_1 := []int{1, 1, 1, 1, 0, 1, 1, 1, 1, 1, 1, 1, 1, 0, 0, 0, 0}
// 	m2_wed_2 := []int{0, 0, 0, 0, 1, 1, 1, 1, 1, 1, 1, 1, 1, 1, 1, 1, 1}
// 	m2_thu_1 := []int{1, 1, 1, 1, 0, 1, 1, 1, 1, 1, 1, 1, 1, 0, 0, 1, 1}
// 	m2_thu_2 := []int{1, 1, 0, 1, 1, 1, 1, 1, 1, 1, 1, 1, 1, 1, 1, 1, 1}
// 	m2_fri_1 := []int{1, 1, 1, 1, 0, 1, 1, 1, 1, 1, 1, 1, 1, 0, 0, 1, 1}
// 	m2_fri_2 := []int{1, 1, 0, 1, 1, 1, 1, 1, 1, 1, 1, 1, 1, 1, 1, 1, 1}
// 	m3_mon_1 := []int{1, 1, 1, 1, 0, 1, 1, 1, 1, 1, 1, 1, 1, 0, 0, 1, 1}
// 	m3_mon_2 := []int{1, 1, 0, 1, 1, 1, 1, 1, 1, 1, 1, 1, 1, 1, 1, 1, 1}
// 	m3_tue_1 := []int{1, 1, 1, 0, 0, 0, 0, 0, 0, 1, 1, 1, 1, 0, 0, 1, 1}
// 	m3_tue_2 := []int{1, 1, 0, 1, 1, 1, 1, 1, 1, 1, 1, 1, 1, 1, 1, 1, 1}
// 	m3_wed_1 := []int{1, 1, 1, 1, 0, 1, 1, 1, 1, 1, 1, 1, 1, 0, 0, 1, 1}
// 	m3_wed_2 := []int{1, 1, 0, 1, 1, 1, 1, 1, 1, 1, 1, 1, 1, 1, 1, 1, 1}
// 	m3_thu_1 := []int{1, 1, 1, 1, 0, 1, 1, 1, 1, 1, 1, 1, 1, 0, 0, 1, 1}
// 	m3_thu_2 := []int{1, 1, 0, 1, 1, 1, 1, 1, 1, 1, 1, 1, 1, 1, 1, 1, 1}
// 	m3_fri_1 := []int{1, 1, 1, 0, 0, 0, 0, 0, 0, 1, 1, 1, 1, 0, 0, 1, 1}
// 	m3_fri_2 := []int{1, 1, 0, 1, 1, 1, 1, 1, 1, 1, 1, 1, 1, 1, 1, 1, 1}
// 	m4_mon_1 := []int{1, 1, 1, 1, 0, 1, 1, 1, 1, 0, 0, 0, 0, 0, 0, 1, 1}
// 	m4_mon_2 := []int{1, 1, 0, 1, 1, 1, 1, 1, 1, 1, 1, 1, 1, 1, 1, 1, 1}
// 	m4_tue_1 := []int{1, 1, 1, 1, 0, 1, 1, 1, 1, 1, 1, 1, 1, 0, 0, 1, 1}
// 	m4_tue_2 := []int{1, 1, 0, 1, 1, 1, 1, 1, 1, 1, 1, 1, 1, 1, 1, 1, 1}
// 	m4_wed_1 := []int{1, 1, 1, 1, 0, 1, 1, 1, 1, 1, 1, 1, 1, 0, 0, 1, 1}
// 	m4_wed_2 := []int{1, 1, 0, 1, 1, 1, 1, 1, 1, 1, 1, 1, 1, 1, 1, 1, 1}
// 	m4_thu_1 := []int{1, 1, 1, 1, 0, 1, 1, 1, 1, 0, 0, 0, 0, 0, 0, 1, 1}
// 	m4_thu_2 := []int{1, 1, 0, 1, 1, 1, 1, 1, 1, 1, 1, 1, 1, 1, 1, 1, 1}
// 	m4_fri_1 := []int{1, 1, 1, 1, 0, 1, 1, 1, 1, 1, 1, 1, 1, 0, 0, 1, 1}
// 	m4_fri_2 := []int{1, 1, 0, 1, 1, 1, 1, 1, 1, 1, 1, 1, 1, 1, 1, 1, 1}
// 	m5_mon_1 := []int{1, 1, 1, 1, 0, 1, 1, 1, 1, 1, 1, 1, 1, 0, 0, 1, 1}
// 	m5_mon_2 := []int{1, 0, 0, 0, 0, 0, 0, 1, 1, 1, 1, 1, 1, 1, 1, 1, 1}
// 	m5_tue_1 := []int{1, 1, 1, 1, 0, 1, 1, 1, 1, 1, 1, 1, 1, 0, 0, 1, 1}
// 	m5_tue_2 := []int{1, 1, 0, 1, 1, 1, 1, 1, 1, 1, 1, 1, 1, 1, 1, 1, 1}
// 	m5_wed_1 := []int{1, 1, 1, 1, 0, 1, 1, 1, 1, 1, 1, 1, 1, 0, 0, 1, 1}
// 	m5_wed_2 := []int{1, 1, 0, 1, 1, 1, 1, 1, 1, 1, 1, 1, 1, 1, 1, 1, 1}
// 	m5_thu_1 := []int{1, 1, 1, 1, 0, 1, 1, 1, 1, 1, 1, 1, 1, 0, 0, 1, 1}
// 	m5_thu_2 := []int{1, 1, 0, 1, 1, 1, 1, 1, 1, 1, 1, 1, 1, 1, 1, 1, 1}
// 	m5_fri_1 := []int{1, 1, 1, 1, 0, 1, 1, 1, 1, 1, 1, 1, 1, 0, 0, 1, 1}
// 	m5_fri_2 := []int{1, 0, 0, 0, 0, 0, 0, 1, 1, 1, 1, 1, 1, 1, 1, 1, 1}
// 	m6_mon_1 := []int{0, 0, 0, 0, 0, 0, 1, 1, 1, 1, 0, 1, 1, 1, 1, 1, 1}
// 	m6_mon_2 := []int{1, 1, 0, 0, 1, 1, 1, 1, 0, 1, 0, 0, 0, 0, 0, 0, 1}
// 	m6_tue_1 := []int{0, 0, 0, 0, 0, 0, 1, 1, 1, 1, 0, 1, 1, 1, 1, 1, 1}
// 	m6_tue_2 := []int{1, 1, 0, 0, 1, 1, 1, 1, 0, 1, 1, 1, 1, 1, 1, 1, 1}
// 	m6_wed_1 := []int{0, 0, 0, 0, 0, 0, 1, 1, 1, 1, 0, 1, 1, 1, 1, 1, 1}
// 	m6_wed_2 := []int{1, 1, 0, 0, 1, 1, 1, 1, 0, 1, 1, 1, 1, 1, 1, 1, 1}
// 	m6_thu_1 := []int{0, 0, 0, 0, 0, 0, 1, 1, 1, 1, 0, 1, 1, 1, 1, 1, 1}
// 	m6_thu_2 := []int{1, 1, 0, 0, 1, 1, 1, 1, 0, 1, 1, 1, 1, 1, 1, 1, 1}
// 	m6_fri_1 := []int{0, 0, 0, 0, 0, 0, 1, 1, 1, 1, 0, 1, 1, 1, 1, 1, 1}
// 	m6_fri_2 := []int{1, 1, 0, 0, 1, 1, 1, 1, 0, 1, 1, 1, 1, 1, 1, 1, 1}
// 	m7_mon_1 := []int{1, 0, 1, 1, 1, 1, 1, 1, 1, 1, 0, 0, 0, 0, 0, 0, 0}
// 	m7_mon_2 := []int{0, 1, 1, 1, 1, 1, 1, 1, 1, 1, 1, 1, 1, 1, 0, 0, 0}
// 	m7_tue_1 := []int{1, 0, 1, 1, 1, 1, 1, 1, 1, 1, 0, 0, 1, 1, 1, 1, 0}
// 	m7_tue_2 := []int{1, 1, 1, 1, 1, 1, 1, 1, 1, 1, 1, 1, 1, 1, 0, 0, 0}
// 	m7_wed_1 := []int{1, 0, 1, 1, 1, 1, 1, 1, 1, 1, 0, 0, 1, 1, 1, 1, 0}
// 	m7_wed_2 := []int{1, 1, 1, 1, 1, 1, 1, 1, 1, 1, 1, 1, 1, 1, 0, 0, 0}
// 	m7_thu_1 := []int{1, 0, 1, 1, 1, 1, 1, 1, 1, 1, 0, 0, 1, 1, 1, 1, 0}
// 	m7_thu_2 := []int{1, 1, 1, 1, 1, 1, 1, 1, 1, 1, 1, 1, 1, 1, 0, 0, 0}
// 	m7_fri_1 := []int{1, 0, 1, 1, 1, 1, 1, 1, 1, 1, 0, 0, 1, 1, 1, 1, 0}
// 	m7_fri_2 := []int{1, 1, 1, 1, 1, 1, 1, 1, 1, 1, 1, 1, 1, 1, 0, 0, 0}
// 	m8_mon_1 := []int{0, 0, 0, 1, 1, 1, 1, 0, 1, 0, 0, 0, 0, 0, 0, 1, 0}
// 	m8_mon_2 := []int{0, 1, 1, 1, 1, 0, 1, 1, 1, 1, 1, 1, 1, 1, 1, 1, 1}
// 	m8_tue_1 := []int{0, 0, 0, 1, 1, 1, 1, 0, 1, 1, 1, 1, 1, 1, 1, 1, 0}
// 	m8_tue_2 := []int{0, 1, 1, 1, 1, 0, 1, 1, 1, 1, 1, 1, 1, 1, 1, 1, 1}
// 	m8_wed_1 := []int{0, 0, 0, 1, 1, 1, 1, 0, 1, 0, 0, 0, 0, 0, 0, 1, 0}
// 	m8_wed_2 := []int{0, 1, 1, 1, 1, 0, 1, 1, 1, 1, 1, 1, 1, 1, 1, 1, 1}
// 	m8_thu_1 := []int{0, 0, 0, 1, 1, 1, 1, 0, 1, 1, 1, 1, 1, 1, 1, 1, 0}
// 	m8_thu_2 := []int{0, 1, 1, 1, 1, 0, 1, 1, 1, 1, 1, 1, 1, 1, 1, 1, 1}
// 	m8_fri_1 := []int{0, 0, 0, 1, 1, 1, 1, 0, 1, 1, 1, 1, 1, 1, 1, 1, 0}
// 	m8_fri_2 := []int{0, 1, 1, 1, 1, 0, 1, 1, 1, 1, 1, 1, 1, 1, 1, 1, 1}
// 	m9_mon_1 := []int{1, 1, 1, 1, 0, 1, 1, 1, 1, 1, 1, 1, 1, 0, 0, 1, 1}
// 	m9_mon_2 := []int{1, 1, 0, 1, 1, 1, 1, 1, 1, 1, 1, 1, 1, 1, 1, 1, 1}
// 	m9_tue_1 := []int{1, 1, 1, 1, 0, 1, 1, 1, 1, 1, 1, 1, 1, 0, 0, 1, 1}
// 	m9_tue_2 := []int{1, 1, 0, 1, 1, 1, 1, 1, 1, 1, 1, 1, 1, 1, 1, 1, 1}
// 	m9_wed_1 := []int{1, 1, 1, 1, 0, 1, 1, 1, 1, 1, 1, 1, 1, 0, 0, 1, 1}
// 	m9_wed_2 := []int{1, 1, 0, 1, 1, 1, 1, 1, 1, 1, 1, 1, 1, 1, 1, 1, 1}
// 	m9_thu_1 := []int{0, 0, 0, 0, 0, 0, 0, 0, 0, 0, 0, 0, 1, 0, 0, 1, 1}
// 	m9_thu_2 := []int{1, 1, 0, 1, 1, 1, 1, 1, 1, 1, 1, 1, 1, 1, 1, 1, 1}
// 	m9_fri_1 := []int{1, 1, 1, 1, 0, 1, 1, 1, 1, 1, 1, 1, 1, 0, 0, 1, 1}
// 	m9_fri_2 := []int{1, 1, 0, 1, 1, 1, 1, 1, 1, 1, 1, 1, 1, 1, 1, 1, 1}
// 	m10_mon_1 := []int{1, 1, 1, 1, 0, 1, 1, 1, 1, 1, 1, 1, 1, 0, 0, 1, 1}
// 	m10_mon_2 := []int{1, 1, 0, 1, 1, 1, 1, 1, 1, 1, 1, 1, 1, 1, 1, 1, 1}
// 	m10_tue_1 := []int{1, 1, 1, 1, 0, 1, 1, 1, 1, 1, 1, 1, 1, 0, 0, 1, 1}
// 	m10_tue_2 := []int{1, 1, 0, 1, 1, 1, 1, 1, 1, 1, 1, 1, 1, 1, 1, 1, 1}
// 	m10_wed_1 := []int{1, 1, 1, 1, 0, 1, 1, 1, 1, 1, 1, 1, 1, 0, 0, 1, 1}
// 	m10_wed_2 := []int{1, 1, 0, 1, 1, 1, 1, 1, 1, 1, 1, 1, 1, 1, 1, 1, 1}
// 	m10_thu_1 := []int{1, 1, 1, 1, 0, 1, 1, 1, 1, 1, 1, 1, 1, 0, 0, 1, 1}
// 	m10_thu_2 := []int{1, 1, 0, 1, 1, 1, 1, 1, 1, 1, 1, 1, 1, 1, 1, 1, 1}
// 	m10_fri_1 := []int{1, 1, 1, 1, 0, 1, 1, 1, 1, 0, 0, 0, 0, 0, 0, 1, 1}
// 	m10_fri_2 := []int{1, 1, 0, 1, 1, 1, 1, 1, 1, 1, 1, 1, 1, 1, 1, 1, 1}
// 	m11_mon_1 := []int{1, 0, 1, 1, 1, 1, 0, 0, 0, 0, 0, 0, 1, 1, 1, 1, 0}
// 	m11_mon_2 := []int{1, 1, 1, 1, 1, 1, 1, 1, 1, 1, 1, 1, 1, 1, 0, 0, 0}
// 	m11_tue_1 := []int{1, 0, 1, 1, 1, 1, 1, 1, 1, 1, 0, 0, 1, 1, 1, 1, 0}
// 	m11_tue_2 := []int{1, 1, 1, 1, 1, 1, 1, 1, 1, 1, 1, 1, 1, 1, 0, 0, 0}
// 	m11_wed_1 := []int{1, 0, 1, 1, 1, 1, 1, 1, 1, 1, 0, 0, 1, 1, 1, 1, 0}
// 	m11_wed_2 := []int{1, 1, 1, 1, 1, 1, 1, 1, 1, 1, 1, 1, 1, 1, 0, 0, 0}
// 	m11_thu_1 := []int{1, 0, 1, 1, 1, 1, 0, 0, 0, 0, 0, 0, 1, 1, 1, 1, 0}
// 	m11_thu_2 := []int{1, 1, 1, 1, 1, 1, 1, 1, 1, 1, 1, 1, 1, 1, 0, 0, 0}
// 	m11_fri_1 := []int{1, 0, 1, 1, 1, 1, 1, 1, 1, 1, 0, 0, 1, 1, 1, 1, 0}
// 	m11_fri_2 := []int{1, 1, 1, 1, 1, 1, 1, 1, 1, 1, 1, 1, 1, 1, 0, 0, 0}
// 	m12_mon_1 := []int{1, 1, 1, 1, 0, 1, 1, 1, 1, 1, 1, 1, 1, 0, 0, 1, 1}
// 	m12_mon_2 := []int{1, 0, 0, 0, 0, 0, 0, 1, 1, 1, 1, 1, 1, 1, 1, 1, 1}
// 	m12_tue_1 := []int{1, 1, 1, 1, 0, 1, 1, 1, 1, 1, 1, 1, 1, 0, 0, 1, 1}
// 	m12_tue_2 := []int{1, 1, 0, 1, 1, 1, 1, 1, 1, 1, 1, 1, 1, 1, 1, 1, 1}
// 	m12_wed_1 := []int{1, 1, 1, 1, 0, 1, 1, 1, 1, 1, 1, 1, 1, 0, 0, 1, 1}
// 	m12_wed_2 := []int{1, 1, 0, 1, 1, 1, 1, 1, 1, 1, 1, 1, 1, 1, 1, 1, 1}
// 	m12_thu_1 := []int{1, 1, 1, 1, 0, 1, 1, 1, 1, 1, 1, 1, 1, 0, 0, 1, 1}
// 	m12_thu_2 := []int{1, 1, 0, 1, 1, 1, 1, 1, 1, 1, 1, 1, 1, 1, 1, 1, 1}
// 	m12_fri_1 := []int{1, 1, 1, 1, 0, 1, 1, 1, 1, 1, 1, 1, 1, 0, 0, 1, 1}
// 	m12_fri_2 := []int{1, 0, 0, 0, 0, 0, 0, 1, 1, 1, 1, 1, 1, 1, 1, 1, 1}
// 	m13_mon_1 := []int{1, 1, 1, 1, 0, 1, 1, 1, 1, 1, 1, 1, 1, 0, 0, 1, 1}
// 	m13_mon_2 := []int{1, 1, 0, 1, 0, 0, 0, 0, 0, 0, 1, 1, 1, 1, 1, 1, 1}
// 	m13_tue_1 := []int{1, 1, 1, 1, 0, 1, 1, 1, 1, 1, 1, 1, 1, 0, 0, 1, 1}
// 	m13_tue_2 := []int{1, 1, 0, 1, 1, 1, 1, 1, 1, 1, 1, 1, 1, 1, 1, 1, 1}
// 	m13_wed_1 := []int{1, 1, 1, 1, 0, 1, 1, 1, 1, 1, 1, 1, 1, 0, 0, 1, 1}
// 	m13_wed_2 := []int{1, 1, 0, 1, 1, 1, 1, 1, 1, 1, 1, 1, 1, 1, 1, 1, 1}
// 	m13_thu_1 := []int{1, 1, 1, 1, 0, 1, 1, 1, 1, 1, 1, 1, 1, 0, 0, 1, 1}
// 	m13_thu_2 := []int{1, 1, 0, 1, 1, 1, 1, 1, 1, 1, 1, 1, 1, 1, 1, 1, 1}
// 	m13_fri_1 := []int{1, 1, 1, 1, 0, 1, 1, 1, 1, 1, 1, 1, 1, 0, 0, 1, 1}
// 	m13_fri_2 := []int{1, 1, 0, 1, 0, 0, 0, 0, 0, 0, 1, 1, 1, 1, 1, 1, 1}
// 	m14_mon_1 := []int{1, 1, 1, 1, 0, 1, 1, 1, 1, 1, 1, 1, 1, 0, 0, 1, 1}
// 	m14_mon_2 := []int{1, 1, 0, 1, 1, 1, 1, 1, 1, 1, 1, 1, 1, 1, 1, 1, 1}
// 	m14_tue_1 := []int{1, 1, 1, 1, 0, 1, 1, 1, 1, 1, 1, 1, 1, 0, 0, 1, 1}
// 	m14_tue_2 := []int{1, 1, 0, 1, 1, 1, 1, 1, 1, 1, 1, 1, 1, 1, 1, 1, 1}
// 	m14_wed_1 := []int{1, 1, 1, 1, 0, 1, 1, 1, 1, 1, 1, 1, 0, 0, 0, 0, 0}
// 	m14_wed_2 := []int{0, 0, 0, 0, 0, 0, 0, 0, 0, 0, 1, 1, 1, 1, 1, 1, 1}
// 	m14_thu_1 := []int{1, 1, 1, 1, 0, 1, 1, 1, 1, 1, 1, 1, 1, 0, 0, 1, 1}
// 	m14_thu_2 := []int{1, 1, 0, 1, 1, 1, 1, 1, 1, 1, 1, 1, 1, 1, 1, 1, 1}
// 	m14_fri_1 := []int{1, 1, 1, 1, 0, 1, 1, 1, 1, 1, 1, 1, 1, 0, 0, 1, 1}
// 	m14_fri_2 := []int{1, 1, 0, 1, 1, 1, 1, 1, 1, 1, 1, 1, 1, 1, 1, 1, 1}
// 	m15_mon_1 := []int{1, 1, 1, 1, 0, 1, 1, 1, 1, 1, 1, 1, 1, 0, 0, 1, 1}
// 	m15_mon_2 := []int{1, 1, 0, 1, 1, 1, 1, 1, 1, 1, 1, 1, 1, 1, 1, 1, 1}
// 	m15_tue_1 := []int{1, 1, 1, 1, 0, 1, 1, 1, 1, 1, 1, 1, 1, 0, 0, 1, 1}
// 	m15_tue_2 := []int{1, 1, 0, 1, 1, 1, 1, 1, 1, 1, 1, 1, 1, 1, 1, 1, 1}
// 	m15_wed_1 := []int{1, 1, 1, 1, 0, 1, 0, 0, 0, 0, 0, 0, 1, 0, 0, 1, 1}
// 	m15_wed_2 := []int{1, 1, 0, 1, 1, 1, 1, 1, 1, 1, 1, 1, 1, 1, 1, 1, 1}
// 	m15_thu_1 := []int{1, 1, 1, 1, 0, 1, 1, 1, 1, 1, 1, 1, 1, 0, 0, 1, 1}
// 	m15_thu_2 := []int{1, 1, 0, 1, 1, 1, 1, 1, 1, 1, 1, 1, 1, 1, 1, 1, 1}
// 	m15_fri_1 := []int{1, 1, 1, 1, 0, 1, 0, 0, 0, 0, 0, 0, 1, 0, 0, 1, 1}
// 	m15_fri_2 := []int{1, 1, 0, 1, 1, 1, 1, 1, 1, 1, 1, 1, 1, 1, 1, 1, 1}
// 	m16_mon_1 := []int{1, 1, 1, 1, 0, 1, 1, 1, 1, 1, 1, 1, 1, 0, 0, 1, 1}
// 	m16_mon_2 := []int{1, 1, 0, 1, 1, 1, 1, 1, 1, 1, 1, 1, 1, 1, 1, 1, 1}
// 	m16_tue_1 := []int{1, 1, 1, 1, 0, 1, 1, 1, 1, 1, 1, 1, 1, 0, 0, 0, 0}
// 	m16_tue_2 := []int{0, 0, 0, 0, 1, 1, 1, 1, 1, 1, 1, 1, 1, 1, 1, 1, 1}
// 	m16_wed_1 := []int{1, 1, 1, 1, 0, 1, 1, 1, 1, 1, 1, 1, 1, 0, 0, 1, 1}
// 	m16_wed_2 := []int{1, 1, 0, 1, 1, 1, 1, 1, 1, 1, 1, 1, 1, 1, 1, 1, 1}
// 	m16_thu_1 := []int{1, 1, 1, 1, 0, 1, 1, 1, 1, 1, 1, 1, 1, 0, 0, 0, 0}
// 	m16_thu_2 := []int{0, 0, 0, 0, 1, 1, 1, 1, 1, 1, 1, 1, 1, 1, 1, 1, 1}
// 	m16_fri_1 := []int{1, 1, 1, 1, 0, 1, 1, 1, 1, 1, 1, 1, 1, 0, 0, 1, 1}
// 	m16_fri_2 := []int{1, 1, 0, 1, 1, 1, 1, 1, 1, 1, 1, 1, 1, 1, 1, 1, 1}
// 	m17_mon_1 := []int{1, 1, 1, 1, 0, 1, 0, 0, 0, 0, 0, 0, 1, 0, 0, 1, 1}
// 	m17_mon_2 := []int{1, 1, 0, 1, 1, 1, 1, 1, 1, 1, 1, 1, 1, 1, 1, 1, 1}
// 	m17_tue_1 := []int{1, 1, 1, 1, 0, 1, 1, 1, 1, 1, 1, 1, 1, 0, 0, 1, 1}
// 	m17_tue_2 := []int{1, 1, 0, 1, 1, 1, 1, 1, 1, 1, 1, 1, 1, 1, 1, 1, 1}
// 	m17_wed_1 := []int{1, 1, 1, 1, 0, 1, 0, 0, 0, 0, 0, 0, 1, 0, 0, 1, 1}
// 	m17_wed_2 := []int{1, 1, 0, 1, 1, 1, 1, 1, 1, 1, 1, 1, 1, 1, 1, 1, 1}
// 	m17_thu_1 := []int{1, 1, 1, 1, 0, 1, 1, 1, 1, 1, 1, 1, 1, 0, 0, 1, 1}
// 	m17_thu_2 := []int{1, 1, 0, 1, 1, 1, 1, 1, 1, 1, 1, 1, 1, 1, 1, 1, 1}
// 	m17_fri_1 := []int{1, 1, 1, 1, 0, 1, 1, 1, 1, 1, 1, 1, 1, 0, 0, 1, 1}
// 	m17_fri_2 := []int{1, 1, 0, 1, 1, 1, 1, 1, 1, 1, 1, 1, 1, 1, 1, 1, 1}
// 	m18_mon_1 := []int{1, 1, 1, 1, 0, 1, 1, 1, 1, 1, 1, 1, 1, 0, 0, 1, 1}
// 	m18_mon_2 := []int{1, 1, 0, 1, 1, 1, 1, 1, 1, 1, 1, 1, 1, 1, 1, 1, 1}
// 	m18_tue_1 := []int{1, 1, 1, 1, 0, 1, 0, 0, 0, 0, 0, 0, 1, 0, 0, 1, 1}
// 	m18_tue_2 := []int{1, 1, 0, 1, 1, 1, 1, 1, 1, 1, 1, 1, 1, 1, 1, 1, 1}
// 	m18_wed_1 := []int{1, 1, 1, 1, 0, 1, 1, 1, 1, 1, 1, 1, 1, 0, 0, 1, 1}
// 	m18_wed_2 := []int{1, 1, 0, 1, 1, 1, 1, 1, 1, 1, 1, 1, 1, 1, 1, 1, 1}
// 	m18_thu_1 := []int{1, 1, 1, 1, 0, 1, 1, 1, 1, 1, 1, 1, 1, 0, 0, 1, 1}
// 	m18_thu_2 := []int{1, 1, 0, 1, 1, 1, 1, 1, 1, 1, 1, 1, 1, 1, 1, 1, 1}
// 	m18_fri_1 := []int{1, 1, 1, 1, 0, 1, 0, 0, 0, 0, 0, 0, 1, 0, 0, 1, 1}
// 	m18_fri_2 := []int{1, 1, 0, 1, 1, 1, 1, 1, 1, 1, 1, 1, 1, 1, 1, 1, 1}
// 	m19_mon_1 := []int{1, 1, 1, 1, 0, 1, 1, 1, 1, 1, 1, 1, 1, 0, 0, 1, 1}
// 	m19_mon_2 := []int{1, 1, 0, 1, 1, 1, 1, 1, 1, 1, 1, 1, 1, 1, 1, 1, 1}
// 	m19_tue_1 := []int{1, 1, 1, 1, 0, 1, 1, 1, 1, 1, 1, 1, 1, 0, 0, 1, 1}
// 	m19_tue_2 := []int{1, 1, 0, 1, 1, 1, 1, 1, 1, 1, 1, 1, 1, 1, 1, 1, 1}
// 	m19_wed_1 := []int{1, 1, 1, 1, 0, 1, 1, 1, 1, 1, 1, 1, 1, 0, 0, 1, 1}
// 	m19_wed_2 := []int{1, 1, 0, 1, 1, 1, 1, 1, 1, 1, 1, 1, 1, 1, 1, 1, 1}
// 	m19_thu_1 := []int{1, 1, 1, 1, 0, 1, 0, 0, 0, 0, 0, 0, 0, 0, 0, 0, 0}
// 	m19_thu_2 := []int{0, 0, 0, 0, 1, 1, 1, 1, 1, 1, 1, 1, 1, 1, 1, 1, 1}
// 	m19_fri_1 := []int{1, 1, 1, 1, 0, 1, 1, 1, 1, 1, 1, 1, 1, 0, 0, 1, 1}
// 	m19_fri_2 := []int{1, 1, 0, 1, 1, 1, 1, 1, 1, 1, 1, 1, 1, 1, 1, 1, 1}
// 	m20_mon_1 := []int{1, 1, 1, 1, 0, 1, 1, 1, 1, 1, 1, 1, 1, 0, 0, 1, 1}
// 	m20_mon_2 := []int{1, 1, 0, 1, 1, 1, 1, 1, 1, 1, 1, 1, 1, 1, 1, 1, 1}
// 	m20_tue_1 := []int{1, 1, 1, 1, 0, 1, 1, 1, 1, 1, 1, 1, 1, 0, 0, 1, 1}
// 	m20_tue_2 := []int{1, 1, 0, 1, 0, 0, 0, 0, 0, 0, 1, 1, 1, 1, 1, 1, 1}
// 	m20_wed_1 := []int{1, 1, 1, 1, 0, 1, 1, 1, 1, 1, 1, 1, 1, 0, 0, 1, 1}
// 	m20_wed_2 := []int{1, 1, 0, 1, 1, 1, 1, 1, 1, 1, 1, 1, 1, 1, 1, 1, 1}
// 	m20_thu_1 := []int{1, 1, 1, 1, 0, 1, 1, 1, 1, 1, 1, 1, 1, 0, 0, 1, 1}
// 	m20_thu_2 := []int{1, 1, 0, 1, 0, 0, 0, 0, 0, 0, 1, 1, 1, 1, 1, 1, 1}
// 	m20_fri_1 := []int{1, 1, 1, 1, 0, 1, 1, 1, 1, 1, 1, 1, 1, 0, 0, 1, 1}
// 	m20_fri_2 := []int{1, 1, 0, 1, 1, 1, 1, 1, 1, 1, 1, 1, 1, 1, 1, 1, 1}
// 	m21_mon_1 := []int{0, 0, 0, 1, 1, 1, 1, 1, 1, 1, 1, 1, 1, 1, 1, 1, 0}
// 	m21_mon_2 := []int{0, 0, 0, 0, 0, 0, 0, 0, 0, 0, 0, 0, 0, 0, 0, 0, 0}
// 	m21_tue_1 := []int{0, 0, 0, 1, 1, 1, 1, 1, 1, 1, 1, 1, 1, 1, 1, 1, 0}
// 	m21_tue_2 := []int{0, 0, 0, 0, 0, 0, 0, 0, 0, 0, 0, 0, 0, 0, 0, 0, 0}
// 	m21_wed_1 := []int{1, 0, 1, 1, 1, 1, 1, 1, 1, 1, 1, 1, 1, 1, 1, 1, 0}
// 	m21_wed_2 := []int{0, 0, 0, 0, 0, 0, 0, 0, 0, 0, 0, 0, 0, 0, 0, 0, 0}
// 	m21_thu_1 := []int{1, 0, 1, 1, 1, 1, 1, 1, 1, 1, 1, 1, 1, 1, 1, 1, 0}
// 	m21_thu_2 := []int{0, 0, 0, 0, 0, 0, 0, 0, 0, 0, 0, 0, 0, 0, 0, 0, 0}
// 	m21_fri_1 := []int{1, 0, 1, 1, 1, 1, 1, 1, 1, 1, 1, 1, 1, 1, 1, 1, 0}
// 	m21_fri_2 := []int{0, 0, 0, 0, 0, 0, 0, 0, 0, 0, 0, 0, 0, 0, 0, 0, 0}
// 	m22_mon_1 := []int{0, 0, 0, 0, 0, 0, 0, 0, 0, 1, 1, 1, 1, 0, 1, 1, 1}
// 	m22_mon_2 := []int{1, 1, 1, 1, 1, 0, 0, 1, 1, 1, 1, 0, 1, 1, 1, 1, 1}
// 	m22_tue_1 := []int{0, 0, 0, 0, 0, 0, 0, 0, 0, 1, 1, 1, 1, 0, 1, 1, 1}
// 	m22_tue_2 := []int{1, 1, 1, 1, 1, 0, 0, 1, 1, 1, 1, 0, 1, 1, 1, 1, 1}
// 	m22_wed_1 := []int{0, 0, 0, 0, 0, 0, 0, 0, 0, 1, 1, 1, 1, 0, 1, 1, 1}
// 	m22_wed_2 := []int{1, 1, 1, 1, 1, 0, 0, 1, 1, 1, 1, 0, 1, 1, 1, 1, 1}
// 	m22_thu_1 := []int{0, 0, 0, 0, 0, 0, 0, 0, 0, 0, 0, 0, 0, 0, 0, 0, 0}
// 	m22_thu_2 := []int{0, 0, 0, 0, 1, 0, 0, 1, 1, 1, 1, 0, 1, 1, 1, 1, 1}
// 	m22_fri_1 := []int{0, 0, 0, 0, 0, 0, 0, 0, 0, 1, 1, 1, 1, 0, 1, 1, 1}
// 	m22_fri_2 := []int{1, 1, 1, 1, 1, 0, 0, 1, 1, 1, 1, 0, 1, 1, 1, 1, 1}
// 	m23_mon_1 := []int{0, 0, 0, 1, 1, 1, 1, 0, 1, 0, 0, 0, 0, 0, 0, 1, 0}
// 	m23_mon_2 := []int{0, 1, 1, 1, 1, 0, 1, 1, 1, 1, 1, 1, 1, 1, 1, 1, 1}
// 	m23_tue_1 := []int{0, 0, 0, 1, 1, 1, 1, 0, 1, 0, 0, 0, 0, 0, 0, 1, 0}
// 	m23_tue_2 := []int{0, 1, 1, 1, 1, 0, 1, 1, 1, 1, 1, 1, 1, 1, 1, 1, 1}
// 	m23_wed_1 := []int{0, 0, 0, 1, 1, 1, 1, 0, 1, 1, 1, 1, 1, 1, 1, 1, 0}
// 	m23_wed_2 := []int{0, 1, 1, 1, 1, 0, 1, 1, 1, 1, 1, 1, 1, 1, 1, 1, 1}
// 	m23_thu_1 := []int{0, 0, 0, 1, 1, 1, 1, 0, 1, 1, 1, 1, 1, 1, 1, 1, 0}
// 	m23_thu_2 := []int{0, 1, 1, 1, 1, 0, 1, 1, 1, 1, 1, 1, 1, 1, 1, 1, 1}
// 	m23_fri_1 := []int{0, 0, 0, 1, 1, 1, 1, 0, 1, 1, 1, 1, 1, 1, 1, 1, 0}
// 	m23_fri_2 := []int{0, 1, 1, 1, 1, 0, 1, 1, 1, 1, 1, 1, 1, 1, 1, 1, 1}
// 	m24_mon_1 := []int{0, 0, 0, 0, 0, 0, 1, 1, 1, 1, 0, 1, 1, 1, 1, 1, 1}
// 	m24_mon_2 := []int{1, 1, 0, 0, 1, 1, 1, 1, 0, 1, 1, 1, 1, 1, 1, 1, 1}
// 	m24_tue_1 := []int{0, 0, 0, 0, 0, 0, 1, 1, 1, 1, 0, 1, 1, 1, 1, 1, 1}
// 	m24_tue_2 := []int{1, 1, 0, 0, 1, 1, 1, 1, 0, 1, 0, 0, 0, 0, 0, 0, 1}
// 	m24_wed_1 := []int{0, 0, 0, 0, 0, 0, 1, 1, 1, 1, 0, 1, 1, 1, 1, 1, 1}
// 	m24_wed_2 := []int{1, 1, 0, 0, 1, 1, 1, 1, 0, 1, 0, 0, 0, 0, 0, 0, 1}
// 	m24_thu_1 := []int{0, 0, 0, 0, 0, 0, 1, 1, 1, 1, 0, 1, 1, 1, 1, 1, 1}
// 	m24_thu_2 := []int{1, 1, 0, 0, 1, 1, 1, 1, 0, 1, 1, 1, 1, 1, 1, 1, 1}
// 	m24_fri_1 := []int{0, 0, 0, 0, 0, 0, 1, 1, 1, 1, 0, 1, 1, 1, 1, 1, 1}
// 	m24_fri_2 := []int{1, 1, 0, 0, 1, 1, 1, 1, 0, 1, 1, 1, 1, 1, 1, 1, 1}
// 	m25_mon_1 := []int{1, 1, 1, 1, 0, 1, 1, 1, 1, 1, 1, 1, 1, 0, 0, 1, 1}
// 	m25_mon_2 := []int{1, 1, 0, 1, 1, 1, 1, 1, 1, 1, 1, 1, 1, 1, 1, 1, 1}
// 	m25_tue_1 := []int{1, 1, 1, 1, 0, 1, 1, 1, 1, 1, 1, 1, 1, 0, 0, 1, 1}
// 	m25_tue_2 := []int{1, 1, 0, 1, 0, 0, 0, 0, 0, 0, 1, 1, 1, 1, 1, 1, 1}
// 	m25_wed_1 := []int{1, 1, 1, 1, 0, 1, 1, 1, 1, 1, 1, 1, 1, 0, 0, 1, 1}
// 	m25_wed_2 := []int{1, 1, 0, 1, 0, 0, 0, 0, 0, 0, 1, 1, 1, 1, 1, 1, 1}
// 	m25_thu_1 := []int{1, 1, 1, 1, 0, 1, 1, 1, 1, 1, 1, 1, 1, 0, 0, 1, 1}
// 	m25_thu_2 := []int{1, 1, 0, 1, 1, 1, 1, 1, 1, 1, 1, 1, 1, 1, 1, 1, 1}
// 	m25_fri_1 := []int{1, 1, 1, 1, 0, 1, 1, 1, 1, 1, 1, 1, 1, 0, 0, 1, 1}
// 	m25_fri_2 := []int{1, 1, 0, 1, 1, 1, 1, 1, 1, 1, 1, 1, 1, 1, 1, 1, 1}
// 	m26_mon_1 := []int{0, 0, 0, 0, 0, 0, 1, 1, 1, 1, 0, 1, 1, 1, 1, 1, 1}
// 	m26_mon_2 := []int{1, 1, 0, 0, 1, 1, 1, 1, 0, 1, 1, 1, 1, 1, 1, 1, 1}
// 	m26_tue_1 := []int{0, 0, 0, 0, 0, 0, 1, 1, 1, 1, 0, 1, 1, 1, 1, 1, 1}
// 	m26_tue_2 := []int{1, 1, 0, 0, 1, 1, 1, 1, 0, 1, 1, 1, 1, 1, 1, 1, 1}
// 	m26_wed_1 := []int{0, 0, 0, 0, 0, 0, 1, 1, 1, 1, 0, 1, 0, 0, 0, 0, 0}
// 	m26_wed_2 := []int{0, 1, 0, 0, 1, 1, 1, 1, 0, 1, 1, 1, 1, 1, 1, 1, 1}
// 	m26_thu_1 := []int{0, 0, 0, 0, 0, 0, 1, 1, 1, 1, 0, 1, 1, 1, 1, 1, 1}
// 	m26_thu_2 := []int{1, 1, 0, 0, 1, 1, 1, 1, 0, 1, 1, 1, 1, 1, 1, 1, 1}
// 	m26_fri_1 := []int{0, 0, 0, 0, 0, 0, 1, 1, 1, 1, 0, 1, 1, 1, 1, 1, 1}
// 	m26_fri_2 := []int{1, 1, 0, 0, 1, 1, 1, 1, 0, 1, 1, 1, 1, 1, 1, 1, 1}
// 	m27_mon_1 := []int{1, 1, 1, 1, 0, 1, 1, 1, 1, 0, 0, 0, 0, 0, 0, 0, 0}
// 	m27_mon_2 := []int{0, 1, 0, 1, 1, 1, 1, 1, 1, 1, 1, 1, 1, 1, 1, 1, 1}
// 	m27_tue_1 := []int{1, 1, 1, 1, 0, 1, 1, 1, 1, 1, 1, 1, 1, 0, 0, 1, 1}
// 	m27_tue_2 := []int{1, 1, 0, 1, 1, 1, 1, 1, 1, 1, 1, 1, 1, 1, 1, 1, 1}
// 	m27_wed_1 := []int{1, 1, 1, 1, 0, 1, 1, 1, 1, 1, 1, 1, 1, 0, 0, 1, 1}
// 	m27_wed_2 := []int{1, 1, 0, 1, 1, 1, 1, 1, 1, 1, 1, 1, 1, 1, 1, 1, 1}
// 	m27_thu_1 := []int{1, 1, 1, 1, 0, 1, 1, 1, 1, 1, 1, 1, 1, 0, 0, 1, 1}
// 	m27_thu_2 := []int{1, 1, 0, 1, 1, 1, 1, 1, 1, 1, 1, 1, 1, 1, 1, 1, 1}
// 	m27_fri_1 := []int{1, 1, 1, 1, 0, 1, 1, 1, 1, 0, 0, 0, 0, 0, 0, 0, 0}
// 	m27_fri_2 := []int{0, 1, 0, 1, 1, 1, 1, 1, 1, 1, 1, 1, 1, 1, 1, 1, 1}
// 	m28_mon_1 := []int{1, 1, 1, 1, 1, 1, 1, 1, 1, 1, 1, 1, 1, 0, 0, 0, 0}
// 	m28_mon_2 := []int{0, 0, 0, 0, 0, 0, 0, 0, 0, 0, 0, 0, 0, 0, 0, 0, 0}
// 	m28_tue_1 := []int{1, 1, 1, 1, 1, 1, 1, 1, 1, 1, 1, 1, 1, 0, 0, 0, 0}
// 	m28_tue_2 := []int{0, 0, 0, 0, 0, 0, 0, 0, 0, 0, 0, 0, 0, 0, 0, 0, 0}
// 	m28_wed_1 := []int{1, 1, 1, 1, 1, 1, 1, 1, 1, 1, 1, 1, 1, 0, 0, 0, 0}
// 	m28_wed_2 := []int{0, 0, 0, 0, 0, 0, 0, 0, 0, 0, 0, 0, 0, 0, 0, 0, 0}
// 	m28_thu_1 := []int{1, 1, 1, 1, 1, 1, 1, 1, 1, 1, 1, 1, 1, 0, 0, 0, 0}
// 	m28_thu_2 := []int{0, 0, 0, 0, 0, 0, 0, 0, 0, 0, 0, 0, 0, 0, 0, 0, 0}
// 	m28_fri_1 := []int{1, 1, 1, 1, 1, 1, 1, 1, 1, 1, 1, 1, 1, 0, 0, 0, 0}
// 	m28_fri_2 := []int{0, 0, 0, 0, 0, 0, 0, 0, 0, 0, 0, 0, 0, 0, 0, 0, 0}
// 	m29_mon_1 := []int{0, 0, 0, 1, 1, 1, 1, 0, 1, 1, 1, 1, 1, 1, 1, 1, 0}
// 	m29_mon_2 := []int{0, 1, 1, 1, 1, 0, 1, 1, 1, 1, 1, 1, 1, 1, 1, 1, 1}
// 	m29_tue_1 := []int{0, 0, 0, 1, 1, 1, 1, 0, 1, 1, 1, 1, 1, 1, 1, 1, 0}
// 	m29_tue_2 := []int{0, 1, 1, 1, 1, 0, 1, 1, 1, 1, 1, 1, 1, 1, 1, 1, 1}
// 	m29_wed_1 := []int{0, 0, 0, 1, 1, 1, 1, 0, 1, 1, 1, 1, 1, 1, 1, 1, 0}
// 	m29_wed_2 := []int{0, 1, 1, 1, 1, 0, 1, 1, 1, 1, 1, 1, 1, 1, 1, 1, 1}
// 	m29_thu_1 := []int{0, 0, 0, 1, 1, 1, 1, 0, 1, 1, 1, 1, 1, 1, 1, 1, 0}
// 	m29_thu_2 := []int{0, 1, 1, 1, 1, 0, 1, 1, 1, 1, 1, 1, 1, 1, 1, 1, 1}
// 	m29_fri_1 := []int{0, 0, 0, 1, 1, 1, 1, 0, 1, 1, 1, 1, 1, 1, 1, 0, 0}
// 	m29_fri_2 := []int{0, 0, 0, 0, 0, 0, 0, 0, 0, 0, 1, 1, 1, 1, 1, 1, 1}
// 	m30_mon_1 := []int{1, 1, 1, 1, 0, 1, 1, 1, 1, 1, 1, 1, 1, 0, 0, 1, 1}
// 	m30_mon_2 := []int{1, 1, 0, 1, 1, 1, 1, 1, 1, 1, 1, 1, 1, 1, 1, 1, 1}
// 	m30_tue_1 := []int{0, 0, 0, 0, 0, 0, 1, 1, 1, 1, 1, 1, 1, 0, 0, 1, 1}
// 	m30_tue_2 := []int{1, 1, 0, 1, 1, 1, 1, 1, 1, 1, 1, 1, 1, 1, 1, 1, 1}
// 	m30_wed_1 := []int{1, 1, 1, 1, 0, 1, 1, 1, 1, 1, 1, 1, 1, 0, 0, 1, 1}
// 	m30_wed_2 := []int{1, 1, 0, 1, 1, 1, 1, 1, 1, 1, 1, 1, 1, 1, 1, 1, 1}
// 	m30_thu_1 := []int{0, 0, 0, 0, 0, 0, 1, 1, 1, 1, 1, 1, 1, 0, 0, 1, 1}
// 	m30_thu_2 := []int{1, 1, 0, 1, 1, 1, 1, 1, 1, 1, 1, 1, 1, 1, 1, 1, 1}
// 	m30_fri_1 := []int{1, 1, 1, 1, 0, 1, 1, 1, 1, 1, 1, 1, 1, 0, 0, 1, 1}
// 	m30_fri_2 := []int{1, 1, 0, 1, 1, 1, 1, 1, 1, 1, 1, 1, 1, 1, 1, 1, 1}

// 	slice := [][]int{c1_mon_1, c1_mon_2, c1_tue_1, c1_tue_2, c1_wed_1, c1_wed_2, c1_thu_1, c1_thu_2, c1_fri_1, c1_fri_2, c2_mon_1, c2_mon_2, c2_tue_1, c2_tue_2, c2_wed_1, c2_wed_2, c2_thu_1, c2_thu_2, c2_fri_1, c2_fri_2, c3_mon_1, c3_mon_2, c3_tue_1, c3_tue_2, c3_wed_1, c3_wed_2, c3_thu_1, c3_thu_2, c3_fri_1, c3_fri_2, c4_mon_1, c4_mon_2, c4_tue_1, c4_tue_2, c4_wed_1, c4_wed_2, c4_thu_1, c4_thu_2, c4_fri_1, c4_fri_2, c5_mon_1, c5_mon_2, c5_tue_1, c5_tue_2, c5_wed_1, c5_wed_2, c5_thu_1, c5_thu_2, c5_fri_1, c5_fri_2, c6_mon_1, c6_mon_2, c6_tue_1, c6_tue_2, c6_wed_1, c6_wed_2, c6_thu_1, c6_thu_2, c6_fri_1, c6_fri_2, c7_mon_1, c7_mon_2, c7_tue_1, c7_tue_2, c7_wed_1, c7_wed_2, c7_thu_1, c7_thu_2, c7_fri_1, c7_fri_2, c8_mon_1, c8_mon_2, c8_tue_1, c8_tue_2, c8_wed_1, c8_wed_2, c8_thu_1, c8_thu_2, c8_fri_1, c8_fri_2, c9_mon_1, c9_mon_2, c9_tue_1, c9_tue_2, c9_wed_1, c9_wed_2, c9_thu_1, c9_thu_2, c9_fri_1, c9_fri_2, c10_mon_1, c10_mon_2, c10_tue_1, c10_tue_2, c10_wed_1, c10_wed_2, c10_thu_1, c10_thu_2, c10_fri_1, c10_fri_2, m1_mon_1, m1_mon_2, m1_tue_1, m1_tue_2, m1_wed_1, m1_wed_2, m1_thu_1, m1_thu_2, m1_fri_1, m1_fri_2, m2_mon_1, m2_mon_2, m2_tue_1, m2_tue_2, m2_wed_1, m2_wed_2, m2_thu_1, m2_thu_2, m2_fri_1, m2_fri_2, m3_mon_1, m3_mon_2, m3_tue_1, m3_tue_2, m3_wed_1, m3_wed_2, m3_thu_1, m3_thu_2, m3_fri_1, m3_fri_2, m4_mon_1, m4_mon_2, m4_tue_1, m4_tue_2, m4_wed_1, m4_wed_2, m4_thu_1, m4_thu_2, m4_fri_1, m4_fri_2, m5_mon_1, m5_mon_2, m5_tue_1, m5_tue_2, m5_wed_1, m5_wed_2, m5_thu_1, m5_thu_2, m5_fri_1, m5_fri_2, m6_mon_1, m6_mon_2, m6_tue_1, m6_tue_2, m6_wed_1, m6_wed_2, m6_thu_1, m6_thu_2, m6_fri_1, m6_fri_2, m7_mon_1, m7_mon_2, m7_tue_1, m7_tue_2, m7_wed_1, m7_wed_2, m7_thu_1, m7_thu_2, m7_fri_1, m7_fri_2, m8_mon_1, m8_mon_2, m8_tue_1, m8_tue_2, m8_wed_1, m8_wed_2, m8_thu_1, m8_thu_2, m8_fri_1, m8_fri_2, m9_mon_1, m9_mon_2, m9_tue_1, m9_tue_2, m9_wed_1, m9_wed_2, m9_thu_1, m9_thu_2, m9_fri_1, m9_fri_2, m10_mon_1, m10_mon_2, m10_tue_1, m10_tue_2, m10_wed_1, m10_wed_2, m10_thu_1, m10_thu_2, m10_fri_1, m10_fri_2, m11_mon_1, m11_mon_2, m11_tue_1, m11_tue_2, m11_wed_1, m11_wed_2, m11_thu_1, m11_thu_2, m11_fri_1, m11_fri_2, m12_mon_1, m12_mon_2, m12_tue_1, m12_tue_2, m12_wed_1, m12_wed_2, m12_thu_1, m12_thu_2, m12_fri_1, m12_fri_2, m13_mon_1, m13_mon_2, m13_tue_1, m13_tue_2, m13_wed_1, m13_wed_2, m13_thu_1, m13_thu_2, m13_fri_1, m13_fri_2, m14_mon_1, m14_mon_2, m14_tue_1, m14_tue_2, m14_wed_1, m14_wed_2, m14_thu_1, m14_thu_2, m14_fri_1, m14_fri_2, m15_mon_1, m15_mon_2, m15_tue_1, m15_tue_2, m15_wed_1, m15_wed_2, m15_thu_1, m15_thu_2, m15_fri_1, m15_fri_2, m16_mon_1, m16_mon_2, m16_tue_1, m16_tue_2, m16_wed_1, m16_wed_2, m16_thu_1, m16_thu_2, m16_fri_1, m16_fri_2, m17_mon_1, m17_mon_2, m17_tue_1, m17_tue_2, m17_wed_1, m17_wed_2, m17_thu_1, m17_thu_2, m17_fri_1, m17_fri_2, m18_mon_1, m18_mon_2, m18_tue_1, m18_tue_2, m18_wed_1, m18_wed_2, m18_thu_1, m18_thu_2, m18_fri_1, m18_fri_2, m19_mon_1, m19_mon_2, m19_tue_1, m19_tue_2, m19_wed_1, m19_wed_2, m19_thu_1, m19_thu_2, m19_fri_1, m19_fri_2, m20_mon_1, m20_mon_2, m20_tue_1, m20_tue_2, m20_wed_1, m20_wed_2, m20_thu_1, m20_thu_2, m20_fri_1, m20_fri_2, m21_mon_1, m21_mon_2, m21_tue_1, m21_tue_2, m21_wed_1, m21_wed_2, m21_thu_1, m21_thu_2, m21_fri_1, m21_fri_2, m22_mon_1, m22_mon_2, m22_tue_1, m22_tue_2, m22_wed_1, m22_wed_2, m22_thu_1, m22_thu_2, m22_fri_1, m22_fri_2, m23_mon_1, m23_mon_2, m23_tue_1, m23_tue_2, m23_wed_1, m23_wed_2, m23_thu_1, m23_thu_2, m23_fri_1, m23_fri_2, m24_mon_1, m24_mon_2, m24_tue_1, m24_tue_2, m24_wed_1, m24_wed_2, m24_thu_1, m24_thu_2, m24_fri_1, m24_fri_2, m25_mon_1, m25_mon_2, m25_tue_1, m25_tue_2, m25_wed_1, m25_wed_2, m25_thu_1, m25_thu_2, m25_fri_1, m25_fri_2, m26_mon_1, m26_mon_2, m26_tue_1, m26_tue_2, m26_wed_1, m26_wed_2, m26_thu_1, m26_thu_2, m26_fri_1, m26_fri_2, m27_mon_1, m27_mon_2, m27_tue_1, m27_tue_2, m27_wed_1, m27_wed_2, m27_thu_1, m27_thu_2, m27_fri_1, m27_fri_2, m28_mon_1, m28_mon_2, m28_tue_1, m28_tue_2, m28_wed_1, m28_wed_2, m28_thu_1, m28_thu_2, m28_fri_1, m28_fri_2, m29_mon_1, m29_mon_2, m29_tue_1, m29_tue_2, m29_wed_1, m29_wed_2, m29_thu_1, m29_thu_2, m29_fri_1, m29_fri_2, m30_mon_1, m30_mon_2, m30_tue_1, m30_tue_2, m30_wed_1, m30_wed_2, m30_thu_1, m30_thu_2, m30_fri_1, m30_fri_2}

// 	return slice

// }
