00000000000000000
00000000000010000
00000000000100000
00000000000110000
00000000001000000
00000000001010000
00000000001100000
00000000001110000
00000000010000000
00000000010010000
00000000010100000
00000000010110000
00000000011000000
00000000011010000
00000000011100000
00000000011110000
00000000100000000
00000000100010000
00000000100100000
00000000100110000
00000000101000000
00000000101010000
00000000101100000
00000000101110000
00000000110000000
00000000110010000
00000000110100000
00000000110110000
00000000111000000
00000000111010000
00000000111100000
00000000111110000
00000001000000000
00000001000010000
00000001000100000
00000001000110000
00000001001000000
00000001001010000
00000001001100000
00000001001110000
00000001010000000
00000001010010000
00000001010100000
00000001010110000
00000001011000000
00000001011010000
00000001011100000
00000001011110000
00000001100000000
00000001100010000
00000001100100000
00000001100110000
00000001101000000
00000001101010000
00000001101100000
00000001101110000
00000001110000000
00000001110010000
00000001110100000
00000001110110000
00000001111000000
00000001111010000
00000001111100000
00000001111110000
00000010000000000
00000010000010000
00000010000100000
00000010000110000
00000010001000000
00000010001010000
00000010001100000
00000010001110000
00000010010000000
00000010010010000
00000010010100000
00000010010110000
00000010011000000
00000010011010000
00000010011100000
00000010011110000
00000010100000000
00000010100010000
00000010100100000
00000010100110000
00000010101000000
00000010101010000
00000010101100000
00000010101110000
00000010110000000
00000010110010000
00000010110100000
00000010110110000
00000010111000000
00000010111010000
00000010111100000
00000010111110000
00000011000000000
00000011000010000
00000011000100000
00000011000110000
00000011001000000
00000011001010000
00000011001100000
00000011001110000
00000011010000000
00000011010010000
00000011010100000
00000011010110000
00000011011000000
00000011011010000
00000011011100000
00000011011110000
00000011100000000
00000011100010000
00000011100100000
00000011100110000
00000011101000000
00000011101010000
00000011101100000
00000011101110000
00000011110000000
00000011110010000
00000011110100000
00000011110110000
00000011111000000
00000011111010000
00000011111100000
00000011111110000
00000100000000000
00000100000010000
00000100000100000
00000100000110000
00000100001000000
00000100001010000
00000100001100000
00000100001110000
00000100010000000
00000100010010000
00000100010100000
00000100010110000
00000100011000000
00000100011010000
00000100011100000
00000100011110000
00000100100000000
00000100100010000
00000100100100000
00000100100110000
00000100101000000
00000100101010000
00000100101100000
00000100101110000
00000100110000000
00000100110010000
00000100110100000
00000100110110000
00000100111000000
00000100111010000
00000100111100000
00000100111110000
00000101000000000
00000101000010000
00000101000100000
00000101000110000
00000101001000000
00000101001010000
00000101001100000
00000101001110000
00000101010000000
00000101010010000
00000101010100000
00000101010110000
00000101011000000
00000101011010000
00000101011100000
00000101011110000
00000101100000000
00000101100010000
00000101100100000
00000101100110000
00000101101000000
00000101101010000
00000101101100000
00000101101110000
00000101110000000
00000101110010000
00000101110100000
00000101110110000
00000101111000000
00000101111010000
00000101111100000
00000101111110000
00000110000000000
00000110000010000
00000110000100000
00000110000110000
00000110001000000
00000110001010000
00000110001100000
00000110001110000
00000110010000000
00000110010010000
00000110010100000
00000110010110000
00000110011000000
00000110011010000
00000110011100000
00000110011110000
00000110100000000
00000110100010000
00000110100100000
00000110100110000
00000110101000000
00000110101010000
00000110101100000
00000110101110000
00000110110000000
00000110110010000
00000110110100000
00000110110110000
00000110111000000
00000110111010000
00000110111100000
00000110111110000
00000111000000000
00000111000010000
00000111000100000
00000111000110000
00000111001000000
00000111001010000
00000111001100000
00000111001110000
00000111010000000
00000111010010000
00000111010100000
00000111010110000
00000111011000000
00000111011010000
00000111011100000
00000111011110000
00000111100000000
00000111100010000
00000111100100000
00000111100110000
00000111101000000
00000111101010000
00000111101100000
00000111101110000
00000111110000000
00000111110010000
00000111110100000
00000111110110000
00000111111000000
00000111111010000
00000111111100000
00000111111110000
00010000000000000
00010000000010000
00010000000100000
00010000000110000
00010000001000000
00010000001010000
00010000001100000
00010000001110000
00010000010000000
00010000010010000
00010000010100000
00010000010110000
00010000011000000
00010000011010000
00010000011100000
00010000011110000
00010000100000000
00010000100010000
00010000100100000
00010000100110000
00010000101000000
00010000101010000
00010000101100000
00010000101110000
00010000110000000
00010000110010000
00010000110100000
00010000110110000
00010000111000000
00010000111010000
00010000111100000
00010000111110000
00010001000000000
00010001000010000
00010001000100000
00010001000110000
00010001001000000
00010001001010000
00010001001100000
00010001001110000
00010001010000000
00010001010010000
00010001010100000
00010001010110000
00010001011000000
00010001011010000
00010001011100000
00010001011110000
00010001100000000
00010001100010000
00010001100100000
00010001100110000
00010001101000000
00010001101010000
00010001101100000
00010001101110000
00010001110000000
00010001110010000
00010001110100000
00010001110110000
00010001111000000
00010001111010000
00010001111100000
00010001111110000
00010010000000000
00010010000010000
00010010000100000
00010010000110000
00010010001000000
00010010001010000
00010010001100000
00010010001110000
00010010010000000
00010010010010000
00010010010100000
00010010010110000
00010010011000000
00010010011010000
00010010011100000
00010010011110000
00010010100000000
00010010100010000
00010010100100000
00010010100110000
00010010101000000
00010010101010000
00010010101100000
00010010101110000
00010010110000000
00010010110010000
00010010110100000
00010010110110000
00010010111000000
00010010111010000
00010010111100000
00010010111110000
00010011000000000
00010011000010000
00010011000100000
00010011000110000
00010011001000000
00010011001010000
00010011001100000
00010011001110000
00010011010000000
00010011010010000
00010011010100000
00010011010110000
00010011011000000
00010011011010000
00010011011100000
00010011011110000
00010011100000000
00010011100010000
00010011100100000
00010011100110000
00010011101000000
00010011101010000
00010011101100000
00010011101110000
00010011110000000
00010011110010000
00010011110100000
00010011110110000
00010011111000000
00010011111010000
00010011111100000
00010011111110000
00010100000000000
00010100000010000
00010100000100000
00010100000110000
00010100001000000
00010100001010000
00010100001100000
00010100001110000
00010100010000000
00010100010010000
00010100010100000
00010100010110000
00010100011000000
00010100011010000
00010100011100000
00010100011110000
00010100100000000
00010100100010000
00010100100100000
00010100100110000
00010100101000000
00010100101010000
00010100101100000
00010100101110000
00010100110000000
00010100110010000
00010100110100000
00010100110110000
00010100111000000
00010100111010000
00010100111100000
00010100111110000
00010101000000000
00010101000010000
00010101000100000
00010101000110000
00010101001000000
00010101001010000
00010101001100000
00010101001110000
00010101010000000
00010101010010000
00010101010100000
00010101010110000
00010101011000000
00010101011010000
00010101011100000
00010101011110000
00010101100000000
00010101100010000
00010101100100000
00010101100110000
00010101101000000
00010101101010000
00010101101100000
00010101101110000
00010101110000000
00010101110010000
00010101110100000
00010101110110000
00010101111000000
00010101111010000
00010101111100000
00010101111110000
00010110000000000
00010110000010000
00010110000100000
00010110000110000
00010110001000000
00010110001010000
00010110001100000
00010110001110000
00010110010000000
00010110010010000
00010110010100000
00010110010110000
00010110011000000
00010110011010000
00010110011100000
00010110011110000
00010110100000000
00010110100010000
00010110100100000
00010110100110000
00010110101000000
00010110101010000
00010110101100000
00010110101110000
00010110110000000
00010110110010000
00010110110100000
00010110110110000
00010110111000000
00010110111010000
00010110111100000
00010110111110000
00010111000000000
00010111000010000
00010111000100000
00010111000110000
00010111001000000
00010111001010000
00010111001100000
00010111001110000
00010111010000000
00010111010010000
00010111010100000
00010111010110000
00010111011000000
00010111011010000
00010111011100000
00010111011110000
00010111100000000
00010111100010000
00010111100100000
00010111100110000
00010111101000000
00010111101010000
00010111101100000
00010111101110000
00010111110000000
00010111110010000
00010111110100000
00010111110110000
00010111111000000
00010111111010000
00010111111100000
00010111111110000
00100000000000000
00100000000010000
00100000000100000
00100000000110000
00100000001000000
00100000001010000
00100000001100000
00100000001110000
00100000010000000
00100000010010000
00100000010100000
00100000010110000
00100000011000000
00100000011010000
00100000011100000
00100000011110000
00100000100000000
00100000100010000
00100000100100000
00100000100110000
00100000101000000
00100000101010000
00100000101100000
00100000101110000
00100000110000000
00100000110010000
00100000110100000
00100000110110000
00100000111000000
00100000111010000
00100000111100000
00100000111110000
00100001000000000
00100001000010000
00100001000100000
00100001000110000
00100001001000000
00100001001010000
00100001001100000
00100001001110000
00100001010000000
00100001010010000
00100001010100000
00100001010110000
00100001011000000
00100001011010000
00100001011100000
00100001011110000
00100001100000000
00100001100010000
00100001100100000
00100001100110000
00100001101000000
00100001101010000
00100001101100000
00100001101110000
00100001110000000
00100001110010000
00100001110100000
00100001110110000
00100001111000000
00100001111010000
00100001111100000
00100001111110000
00100010000000000
00100010000010000
00100010000100000
00100010000110000
00100010001000000
00100010001010000
00100010001100000
00100010001110000
00100010010000000
00100010010010000
00100010010100000
00100010010110000
00100010011000000
00100010011010000
00100010011100000
00100010011110000
00100010100000000
00100010100010000
00100010100100000
00100010100110000
00100010101000000
00100010101010000
00100010101100000
00100010101110000
00100010110000000
00100010110010000
00100010110100000
00100010110110000
00100010111000000
00100010111010000
00100010111100000
00100010111110000
00100011000000000
00100011000010000
00100011000100000
00100011000110000
00100011001000000
00100011001010000
00100011001100000
00100011001110000
00100011010000000
00100011010010000
00100011010100000
00100011010110000
00100011011000000
00100011011010000
00100011011100000
00100011011110000
00100011100000000
00100011100010000
00100011100100000
00100011100110000
00100011101000000
00100011101010000
00100011101100000
00100011101110000
00100011110000000
00100011110010000
00100011110100000
00100011110110000
00100011111000000
00100011111010000
00100011111100000
00100011111110000
00100100000000000
00100100000010000
00100100000100000
00100100000110000
00100100001000000
00100100001010000
00100100001100000
00100100001110000
00100100010000000
00100100010010000
00100100010100000
00100100010110000
00100100011000000
00100100011010000
00100100011100000
00100100011110000
00100100100000000
00100100100010000
00100100100100000
00100100100110000
00100100101000000
00100100101010000
00100100101100000
00100100101110000
00100100110000000
00100100110010000
00100100110100000
00100100110110000
00100100111000000
00100100111010000
00100100111100000
00100100111110000
00100101000000000
00100101000010000
00100101000100000
00100101000110000
00100101001000000
00100101001010000
00100101001100000
00100101001110000
00100101010000000
00100101010010000
00100101010100000
00100101010110000
00100101011000000
00100101011010000
00100101011100000
00100101011110000
00100101100000000
00100101100010000
00100101100100000
00100101100110000
00100101101000000
00100101101010000
00100101101100000
00100101101110000
00100101110000000
00100101110010000
00100101110100000
00100101110110000
00100101111000000
00100101111010000
00100101111100000
00100101111110000
00100110000000000
00100110000010000
00100110000100000
00100110000110000
00100110001000000
00100110001010000
00100110001100000
00100110001110000
00100110010000000
00100110010010000
00100110010100000
00100110010110000
00100110011000000
00100110011010000
00100110011100000
00100110011110000
00100110100000000
00100110100010000
00100110100100000
00100110100110000
00100110101000000
00100110101010000
00100110101100000
00100110101110000
00100110110000000
00100110110010000
00100110110100000
00100110110110000
00100110111000000
00100110111010000
00100110111100000
00100110111110000
00100111000000000
00100111000010000
00100111000100000
00100111000110000
00100111001000000
00100111001010000
00100111001100000
00100111001110000
00100111010000000
00100111010010000
00100111010100000
00100111010110000
00100111011000000
00100111011010000
00100111011100000
00100111011110000
00100111100000000
00100111100010000
00100111100100000
00100111100110000
00100111101000000
00100111101010000
00100111101100000
00100111101110000
00100111110000000
00100111110010000
00100111110100000
00100111110110000
00100111111000000
00100111111010000
00100111111100000
00100111111110000
00110000000000000
00110000000010000
00110000000100000
00110000000110000
00110000001000000
00110000001010000
00110000001100000
00110000001110000
00110000010000000
00110000010010000
00110000010100000
00110000010110000
00110000011000000
00110000011010000
00110000011100000
00110000011110000
00110000100000000
00110000100010000
00110000100100000
00110000100110000
00110000101000000
00110000101010000
00110000101100000
00110000101110000
00110000110000000
00110000110010000
00110000110100000
00110000110110000
00110000111000000
00110000111010000
00110000111100000
00110000111110000
00110001000000000
00110001000010000
00110001000100000
00110001000110000
00110001001000000
00110001001010000
00110001001100000
00110001001110000
00110001010000000
00110001010010000
00110001010100000
00110001010110000
00110001011000000
00110001011010000
00110001011100000
00110001011110000
00110001100000000
00110001100010000
00110001100100000
00110001100110000
00110001101000000
00110001101010000
00110001101100000
00110001101110000
00110001110000000
00110001110010000
00110001110100000
00110001110110000
00110001111000000
00110001111010000
00110001111100000
00110001111110000
00110010000000000
00110010000010000
00110010000100000
00110010000110000
00110010001000000
00110010001010000
00110010001100000
00110010001110000
00110010010000000
00110010010010000
00110010010100000
00110010010110000
00110010011000000
00110010011010000
00110010011100000
00110010011110000
00110010100000000
00110010100010000
00110010100100000
00110010100110000
00110010101000000
00110010101010000
00110010101100000
00110010101110000
00110010110000000
00110010110010000
00110010110100000
00110010110110000
00110010111000000
00110010111010000
00110010111100000
00110010111110000
00110011000000000
00110011000010000
00110011000100000
00110011000110000
00110011001000000
00110011001010000
00110011001100000
00110011001110000
00110011010000000
00110011010010000
00110011010100000
00110011010110000
00110011011000000
00110011011010000
00110011011100000
00110011011110000
00110011100000000
00110011100010000
00110011100100000
00110011100110000
00110011101000000
00110011101010000
00110011101100000
00110011101110000
00110011110000000
00110011110010000
00110011110100000
00110011110110000
00110011111000000
00110011111010000
00110011111100000
00110011111110000
00110100000000000
00110100000010000
00110100000100000
00110100000110000
00110100001000000
00110100001010000
00110100001100000
00110100001110000
00110100010000000
00110100010010000
00110100010100000
00110100010110000
00110100011000000
00110100011010000
00110100011100000
00110100011110000
00110100100000000
00110100100010000
00110100100100000
00110100100110000
00110100101000000
00110100101010000
00110100101100000
00110100101110000
00110100110000000
00110100110010000
00110100110100000
00110100110110000
00110100111000000
00110100111010000
00110100111100000
00110100111110000
00110101000000000
00110101000010000
00110101000100000
00110101000110000
00110101001000000
00110101001010000
00110101001100000
00110101001110000
00110101010000000
00110101010010000
00110101010100000
00110101010110000
00110101011000000
00110101011010000
00110101011100000
00110101011110000
00110101100000000
00110101100010000
00110101100100000
00110101100110000
00110101101000000
00110101101010000
00110101101100000
00110101101110000
00110101110000000
00110101110010000
00110101110100000
00110101110110000
00110101111000000
00110101111010000
00110101111100000
00110101111110000
00110110000000000
00110110000010000
00110110000100000
00110110000110000
00110110001000000
00110110001010000
00110110001100000
00110110001110000
00110110010000000
00110110010010000
00110110010100000
00110110010110000
00110110011000000
00110110011010000
00110110011100000
00110110011110000
00110110100000000
00110110100010000
00110110100100000
00110110100110000
00110110101000000
00110110101010000
00110110101100000
00110110101110000
00110110110000000
00110110110010000
00110110110100000
00110110110110000
00110110111000000
00110110111010000
00110110111100000
00110110111110000
00110111000000000
00110111000010000
00110111000100000
00110111000110000
00110111001000000
00110111001010000
00110111001100000
00110111001110000
00110111010000000
00110111010010000
00110111010100000
00110111010110000
00110111011000000
00110111011010000
00110111011100000
00110111011110000
00110111100000000
00110111100010000
00110111100100000
00110111100110000
00110111101000000
00110111101010000
00110111101100000
00110111101110000
00110111110000000
00110111110010000
00110111110100000
00110111110110000
00110111111000000
00110111111010000
00110111111100000
00110111111110000
01000000000000000
01000000000010000
01000000000100000
01000000000110000
01000000001000000
01000000001010000
01000000001100000
01000000001110000
01000000010000000
01000000010010000
01000000010100000
01000000010110000
01000000011000000
01000000011010000
01000000011100000
01000000011110000
01000000100000000
01000000100010000
01000000100100000
01000000100110000
01000000101000000
01000000101010000
01000000101100000
01000000101110000
01000000110000000
01000000110010000
01000000110100000
01000000110110000
01000000111000000
01000000111010000
01000000111100000
01000000111110000
01000001000000000
01000001000010000
01000001000100000
01000001000110000
01000001001000000
01000001001010000
01000001001100000
01000001001110000
01000001010000000
01000001010010000
01000001010100000
01000001010110000
01000001011000000
01000001011010000
01000001011100000
01000001011110000
01000001100000000
01000001100010000
01000001100100000
01000001100110000
01000001101000000
01000001101010000
01000001101100000
01000001101110000
01000001110000000
01000001110010000
01000001110100000
01000001110110000
01000001111000000
01000001111010000
01000001111100000
01000001111110000
01000010000000000
01000010000010000
01000010000100000
01000010000110000
01000010001000000
01000010001010000
01000010001100000
01000010001110000
01000010010000000
01000010010010000
01000010010100000
01000010010110000
01000010011000000
01000010011010000
01000010011100000
01000010011110000
01000010100000000
01000010100010000
01000010100100000
01000010100110000
01000010101000000
01000010101010000
01000010101100000
01000010101110000
01000010110000000
01000010110010000
01000010110100000
01000010110110000
01000010111000000
01000010111010000
01000010111100000
01000010111110000
01000011000000000
01000011000010000
01000011000100000
01000011000110000
01000011001000000
01000011001010000
01000011001100000
01000011001110000
01000011010000000
01000011010010000
01000011010100000
01000011010110000
01000011011000000
01000011011010000
01000011011100000
01000011011110000
01000011100000000
01000011100010000
01000011100100000
01000011100110000
01000011101000000
01000011101010000
01000011101100000
01000011101110000
01000011110000000
01000011110010000
01000011110100000
01000011110110000
01000011111000000
01000011111010000
01000011111100000
01000011111110000
01000100000000000
01000100000010000
01000100000100000
01000100000110000
01000100001000000
01000100001010000
01000100001100000
01000100001110000
01000100010000000
01000100010010000
01000100010100000
01000100010110000
01000100011000000
01000100011010000
01000100011100000
01000100011110000
01000100100000000
01000100100010000
01000100100100000
01000100100110000
01000100101000000
01000100101010000
01000100101100000
01000100101110000
01000100110000000
01000100110010000
01000100110100000
01000100110110000
01000100111000000
01000100111010000
01000100111100000
01000100111110000
01000101000000000
01000101000010000
01000101000100000
01000101000110000
01000101001000000
01000101001010000
01000101001100000
01000101001110000
01000101010000000
01000101010010000
01000101010100000
01000101010110000
01000101011000000
01000101011010000
01000101011100000
01000101011110000
01000101100000000
01000101100010000
01000101100100000
01000101100110000
01000101101000000
01000101101010000
01000101101100000
01000101101110000
01000101110000000
01000101110010000
01000101110100000
01000101110110000
01000101111000000
01000101111010000
01000101111100000
01000101111110000
01000110000000000
01000110000010000
01000110000100000
01000110000110000
01000110001000000
01000110001010000
01000110001100000
01000110001110000
01000110010000000
01000110010010000
01000110010100000
01000110010110000
01000110011000000
01000110011010000
01000110011100000
01000110011110000
01000110100000000
01000110100010000
01000110100100000
01000110100110000
01000110101000000
01000110101010000
01000110101100000
01000110101110000
01000110110000000
01000110110010000
01000110110100000
01000110110110000
01000110111000000
01000110111010000
01000110111100000
01000110111110000
01000111000000000
01000111000010000
01000111000100000
01000111000110000
01000111001000000
01000111001010000
01000111001100000
01000111001110000
01000111010000000
01000111010010000
01000111010100000
01000111010110000
01000111011000000
01000111011010000
01000111011100000
01000111011110000
01000111100000000
01000111100010000
01000111100100000
01000111100110000
01000111101000000
01000111101010000
01000111101100000
01000111101110000
01000111110000000
01000111110010000
01000111110100000
01000111110110000
01000111111000000
01000111111010000
01000111111100000
01000111111110000
01010000000000000
01010000000010000
01010000000100000
01010000000110000
01010000001000000
01010000001010000
01010000001100000
01010000001110000
01010000010000000
01010000010010000
01010000010100000
01010000010110000
01010000011000000
01010000011010000
01010000011100000
01010000011110000
01010000100000000
01010000100010000
01010000100100000
01010000100110000
01010000101000000
01010000101010000
01010000101100000
01010000101110000
01010000110000000
01010000110010000
01010000110100000
01010000110110000
01010000111000000
01010000111010000
01010000111100000
01010000111110000
01010001000000000
01010001000010000
01010001000100000
01010001000110000
01010001001000000
01010001001010000
01010001001100000
01010001001110000
01010001010000000
01010001010010000
01010001010100000
01010001010110000
01010001011000000
01010001011010000
01010001011100000
01010001011110000
01010001100000000
01010001100010000
01010001100100000
01010001100110000
01010001101000000
01010001101010000
01010001101100000
01010001101110000
01010001110000000
01010001110010000
01010001110100000
01010001110110000
01010001111000000
01010001111010000
01010001111100000
01010001111110000
01010010000000000
01010010000010000
01010010000100000
01010010000110000
01010010001000000
01010010001010000
01010010001100000
01010010001110000
01010010010000000
01010010010010000
01010010010100000
01010010010110000
01010010011000000
01010010011010000
01010010011100000
01010010011110000
01010010100000000
01010010100010000
01010010100100000
01010010100110000
01010010101000000
01010010101010000
01010010101100000
01010010101110000
01010010110000000
01010010110010000
01010010110100000
01010010110110000
01010010111000000
01010010111010000
01010010111100000
01010010111110000
01010011000000000
01010011000010000
01010011000100000
01010011000110000
01010011001000000
01010011001010000
01010011001100000
01010011001110000
01010011010000000
01010011010010000
01010011010100000
01010011010110000
01010011011000000
01010011011010000
01010011011100000
01010011011110000
01010011100000000
01010011100010000
01010011100100000
01010011100110000
01010011101000000
01010011101010000
01010011101100000
01010011101110000
01010011110000000
01010011110010000
01010011110100000
01010011110110000
01010011111000000
01010011111010000
01010011111100000
01010011111110000
01010100000000000
01010100000010000
01010100000100000
01010100000110000
01010100001000000
01010100001010000
01010100001100000
01010100001110000
01010100010000000
01010100010010000
01010100010100000
01010100010110000
01010100011000000
01010100011010000
01010100011100000
01010100011110000
01010100100000000
01010100100010000
01010100100100000
01010100100110000
01010100101000000
01010100101010000
01010100101100000
01010100101110000
01010100110000000
01010100110010000
01010100110100000
01010100110110000
01010100111000000
01010100111010000
01010100111100000
01010100111110000
01010101000000000
01010101000010000
01010101000100000
01010101000110000
01010101001000000
01010101001010000
01010101001100000
01010101001110000
01010101010000000
01010101010010000
01010101010100000
01010101010110000
01010101011000000
01010101011010000
01010101011100000
01010101011110000
01010101100000000
01010101100010000
01010101100100000
01010101100110000
01010101101000000
01010101101010000
01010101101100000
01010101101110000
01010101110000000
01010101110010000
01010101110100000
01010101110110000
01010101111000000
01010101111010000
01010101111100000
01010101111110000
01010110000000000
01010110000010000
01010110000100000
01010110000110000
01010110001000000
01010110001010000
01010110001100000
01010110001110000
01010110010000000
01010110010010000
01010110010100000
01010110010110000
01010110011000000
01010110011010000
01010110011100000
01010110011110000
01010110100000000
01010110100010000
01010110100100000
01010110100110000
01010110101000000
01010110101010000
01010110101100000
01010110101110000
01010110110000000
01010110110010000
01010110110100000
01010110110110000
01010110111000000
01010110111010000
01010110111100000
01010110111110000
01010111000000000
01010111000010000
01010111000100000
01010111000110000
01010111001000000
01010111001010000
01010111001100000
01010111001110000
01010111010000000
01010111010010000
01010111010100000
01010111010110000
01010111011000000
01010111011010000
01010111011100000
01010111011110000
01010111100000000
01010111100010000
01010111100100000
01010111100110000
01010111101000000
01010111101010000
01010111101100000
01010111101110000
01010111110000000
01010111110010000
01010111110100000
01010111110110000
01010111111000000
01010111111010000
01010111111100000
01010111111110000
01100000000000000
01100000000010000
01100000000100000
01100000000110000
01100000001000000
01100000001010000
01100000001100000
01100000001110000
01100000010000000
01100000010010000
01100000010100000
01100000010110000
01100000011000000
01100000011010000
01100000011100000
01100000011110000
01100000100000000
01100000100010000
01100000100100000
01100000100110000
01100000101000000
01100000101010000
01100000101100000
01100000101110000
01100000110000000
01100000110010000
01100000110100000
01100000110110000
01100000111000000
01100000111010000
01100000111100000
01100000111110000
01100001000000000
01100001000010000
01100001000100000
01100001000110000
01100001001000000
01100001001010000
01100001001100000
01100001001110000
01100001010000000
01100001010010000
01100001010100000
01100001010110000
01100001011000000
01100001011010000
01100001011100000
01100001011110000
01100001100000000
01100001100010000
01100001100100000
01100001100110000
01100001101000000
01100001101010000
01100001101100000
01100001101110000
01100001110000000
01100001110010000
01100001110100000
01100001110110000
01100001111000000
01100001111010000
01100001111100000
01100001111110000
01100010000000000
01100010000010000
01100010000100000
01100010000110000
01100010001000000
01100010001010000
01100010001100000
01100010001110000
01100010010000000
01100010010010000
01100010010100000
01100010010110000
01100010011000000
01100010011010000
01100010011100000
01100010011110000
01100010100000000
01100010100010000
01100010100100000
01100010100110000
01100010101000000
01100010101010000
01100010101100000
01100010101110000
01100010110000000
01100010110010000
01100010110100000
01100010110110000
01100010111000000
01100010111010000
01100010111100000
01100010111110000
01100011000000000
01100011000010000
01100011000100000
01100011000110000
01100011001000000
01100011001010000
01100011001100000
01100011001110000
01100011010000000
01100011010010000
01100011010100000
01100011010110000
01100011011000000
01100011011010000
01100011011100000
01100011011110000
01100011100000000
01100011100010000
01100011100100000
01100011100110000
01100011101000000
01100011101010000
01100011101100000
01100011101110000
01100011110000000
01100011110010000
01100011110100000
01100011110110000
01100011111000000
01100011111010000
01100011111100000
01100011111110000
01100100000000000
01100100000010000
01100100000100000
01100100000110000
01100100001000000
01100100001010000
01100100001100000
01100100001110000
01100100010000000
01100100010010000
01100100010100000
01100100010110000
01100100011000000
01100100011010000
01100100011100000
01100100011110000
01100100100000000
01100100100010000
01100100100100000
01100100100110000
01100100101000000
01100100101010000
01100100101100000
01100100101110000
01100100110000000
01100100110010000
01100100110100000
01100100110110000
01100100111000000
01100100111010000
01100100111100000
01100100111110000
01100101000000000
01100101000010000
01100101000100000
01100101000110000
01100101001000000
01100101001010000
01100101001100000
01100101001110000
01100101010000000
01100101010010000
01100101010100000
01100101010110000
01100101011000000
01100101011010000
01100101011100000
01100101011110000
01100101100000000
01100101100010000
01100101100100000
01100101100110000
01100101101000000
01100101101010000
01100101101100000
01100101101110000
01100101110000000
01100101110010000
01100101110100000
01100101110110000
01100101111000000
01100101111010000
01100101111100000
01100101111110000
01100110000000000
01100110000010000
01100110000100000
01100110000110000
01100110001000000
01100110001010000
01100110001100000
01100110001110000
01100110010000000
01100110010010000
01100110010100000
01100110010110000
01100110011000000
01100110011010000
01100110011100000
01100110011110000
01100110100000000
01100110100010000
01100110100100000
01100110100110000
01100110101000000
01100110101010000
01100110101100000
01100110101110000
01100110110000000
01100110110010000
01100110110100000
01100110110110000
01100110111000000
01100110111010000
01100110111100000
01100110111110000
01100111000000000
01100111000010000
01100111000100000
01100111000110000
01100111001000000
01100111001010000
01100111001100000
01100111001110000
01100111010000000
01100111010010000
01100111010100000
01100111010110000
01100111011000000
01100111011010000
01100111011100000
01100111011110000
01100111100000000
01100111100010000
01100111100100000
01100111100110000
01100111101000000
01100111101010000
01100111101100000
01100111101110000
01100111110000000
01100111110010000
01100111110100000
01100111110110000
01100111111000000
01100111111010000
01100111111100000
01100111111110000
01110000000000000
01110000000010000
01110000000100000
01110000000110000
01110000001000000
01110000001010000
01110000001100000
01110000001110000
01110000010000000
01110000010010000
01110000010100000
01110000010110000
01110000011000000
01110000011010000
01110000011100000
01110000011110000
01110000100000000
01110000100010000
01110000100100000
01110000100110000
01110000101000000
01110000101010000
01110000101100000
01110000101110000
01110000110000000
01110000110010000
01110000110100000
01110000110110000
01110000111000000
01110000111010000
01110000111100000
01110000111110000
01110001000000000
01110001000010000
01110001000100000
01110001000110000
01110001001000000
01110001001010000
01110001001100000
01110001001110000
01110001010000000
01110001010010000
01110001010100000
01110001010110000
01110001011000000
01110001011010000
01110001011100000
01110001011110000
01110001100000000
01110001100010000
01110001100100000
01110001100110000
01110001101000000
01110001101010000
01110001101100000
01110001101110000
01110001110000000
01110001110010000
01110001110100000
01110001110110000
01110001111000000
01110001111010000
01110001111100000
01110001111110000
01110010000000000
01110010000010000
01110010000100000
01110010000110000
01110010001000000
01110010001010000
01110010001100000
01110010001110000
01110010010000000
01110010010010000
01110010010100000
01110010010110000
01110010011000000
01110010011010000
01110010011100000
01110010011110000
01110010100000000
01110010100010000
01110010100100000
01110010100110000
01110010101000000
01110010101010000
01110010101100000
01110010101110000
01110010110000000
01110010110010000
01110010110100000
01110010110110000
01110010111000000
01110010111010000
01110010111100000
01110010111110000
01110011000000000
01110011000010000
01110011000100000
01110011000110000
01110011001000000
01110011001010000
01110011001100000
01110011001110000
01110011010000000
01110011010010000
01110011010100000
01110011010110000
01110011011000000
01110011011010000
01110011011100000
01110011011110000
01110011100000000
01110011100010000
01110011100100000
01110011100110000
01110011101000000
01110011101010000
01110011101100000
01110011101110000
01110011110000000
01110011110010000
01110011110100000
01110011110110000
01110011111000000
01110011111010000
01110011111100000
01110011111110000
01110100000000000
01110100000010000
01110100000100000
01110100000110000
01110100001000000
01110100001010000
01110100001100000
01110100001110000
01110100010000000
01110100010010000
01110100010100000
01110100010110000
01110100011000000
01110100011010000
01110100011100000
01110100011110000
01110100100000000
01110100100010000
01110100100100000
01110100100110000
01110100101000000
01110100101010000
01110100101100000
01110100101110000
01110100110000000
01110100110010000
01110100110100000
01110100110110000
01110100111000000
01110100111010000
01110100111100000
01110100111110000
01110101000000000
01110101000010000
01110101000100000
01110101000110000
01110101001000000
01110101001010000
01110101001100000
01110101001110000
01110101010000000
01110101010010000
01110101010100000
01110101010110000
01110101011000000
01110101011010000
01110101011100000
01110101011110000
01110101100000000
01110101100010000
01110101100100000
01110101100110000
01110101101000000
01110101101010000
01110101101100000
01110101101110000
01110101110000000
01110101110010000
01110101110100000
01110101110110000
01110101111000000
01110101111010000
01110101111100000
01110101111110000
01110110000000000
01110110000010000
01110110000100000
01110110000110000
01110110001000000
01110110001010000
01110110001100000
01110110001110000
01110110010000000
01110110010010000
01110110010100000
01110110010110000
01110110011000000
01110110011010000
01110110011100000
01110110011110000
01110110100000000
01110110100010000
01110110100100000
01110110100110000
01110110101000000
01110110101010000
01110110101100000
01110110101110000
01110110110000000
01110110110010000
01110110110100000
01110110110110000
01110110111000000
01110110111010000
01110110111100000
01110110111110000
01110111000000000
01110111000010000
01110111000100000
01110111000110000
01110111001000000
01110111001010000
01110111001100000
01110111001110000
01110111010000000
01110111010010000
01110111010100000
01110111010110000
01110111011000000
01110111011010000
01110111011100000
01110111011110000
01110111100000000
01110111100010000
01110111100100000
01110111100110000
01110111101000000
01110111101010000
01110111101100000
01110111101110000
01110111110000000
01110111110010000
01110111110100000
01110111110110000
01110111111000000
01110111111010000
01110111111100000
01110111111110000
10000000000000000
10000000000010000
10000000000100000
10000000000110000
10000000001000000
10000000001010000
10000000001100000
10000000001110000
10000000010000000
10000000010010000
10000000010100000
10000000010110000
10000000011000000
10000000011010000
10000000011100000
10000000011110000
10000000100000000
10000000100010000
10000000100100000
10000000100110000
10000000101000000
10000000101010000
10000000101100000
10000000101110000
10000000110000000
10000000110010000
10000000110100000
10000000110110000
10000000111000000
10000000111010000
10000000111100000
10000000111110000
10000001000000000
10000001000010000
10000001000100000
10000001000110000
10000001001000000
10000001001010000
10000001001100000
10000001001110000
10000001010000000
10000001010010000
10000001010100000
10000001010110000
10000001011000000
10000001011010000
10000001011100000
10000001011110000
10000001100000000
10000001100010000
10000001100100000
10000001100110000
10000001101000000
10000001101010000
10000001101100000
10000001101110000
10000001110000000
10000001110010000
10000001110100000
10000001110110000
10000001111000000
10000001111010000
10000001111100000
10000001111110000
10000010000000000
10000010000010000
10000010000100000
10000010000110000
10000010001000000
10000010001010000
10000010001100000
10000010001110000
10000010010000000
10000010010010000
10000010010100000
10000010010110000
10000010011000000
10000010011010000
10000010011100000
10000010011110000
10000010100000000
10000010100010000
10000010100100000
10000010100110000
10000010101000000
10000010101010000
10000010101100000
10000010101110000
10000010110000000
10000010110010000
10000010110100000
10000010110110000
10000010111000000
10000010111010000
10000010111100000
10000010111110000
10000011000000000
10000011000010000
10000011000100000
10000011000110000
10000011001000000
10000011001010000
10000011001100000
10000011001110000
10000011010000000
10000011010010000
10000011010100000
10000011010110000
10000011011000000
10000011011010000
10000011011100000
10000011011110000
10000011100000000
10000011100010000
10000011100100000
10000011100110000
10000011101000000
10000011101010000
10000011101100000
10000011101110000
10000011110000000
10000011110010000
10000011110100000
10000011110110000
10000011111000000
10000011111010000
10000011111100000
10000011111110000
10000100000000000
10000100000010000
10000100000100000
10000100000110000
10000100001000000
10000100001010000
10000100001100000
10000100001110000
10000100010000000
10000100010010000
10000100010100000
10000100010110000
10000100011000000
10000100011010000
10000100011100000
10000100011110000
10000100100000000
10000100100010000
10000100100100000
10000100100110000
10000100101000000
10000100101010000
10000100101100000
10000100101110000
10000100110000000
10000100110010000
10000100110100000
10000100110110000
10000100111000000
10000100111010000
10000100111100000
10000100111110000
10000101000000000
10000101000010000
10000101000100000
10000101000110000
10000101001000000
10000101001010000
10000101001100000
10000101001110000
10000101010000000
10000101010010000
10000101010100000
10000101010110000
10000101011000000
10000101011010000
10000101011100000
10000101011110000
10000101100000000
10000101100010000
10000101100100000
10000101100110000
10000101101000000
10000101101010000
10000101101100000
10000101101110000
10000101110000000
10000101110010000
10000101110100000
10000101110110000
10000101111000000
10000101111010000
10000101111100000
10000101111110000
10000110000000000
10000110000010000
10000110000100000
10000110000110000
10000110001000000
10000110001010000
10000110001100000
10000110001110000
10000110010000000
10000110010010000
10000110010100000
10000110010110000
10000110011000000
10000110011010000
10000110011100000
10000110011110000
10000110100000000
10000110100010000
10000110100100000
10000110100110000
10000110101000000
10000110101010000
10000110101100000
10000110101110000
10000110110000000
10000110110010000
10000110110100000
10000110110110000
10000110111000000
10000110111010000
10000110111100000
10000110111110000
10000111000000000
10000111000010000
10000111000100000
10000111000110000
10000111001000000
10000111001010000
10000111001100000
10000111001110000
10000111010000000
10000111010010000
10000111010100000
10000111010110000
10000111011000000
10000111011010000
10000111011100000
10000111011110000
10000111100000000
10000111100010000
10000111100100000
10000111100110000
10000111101000000
10000111101010000
10000111101100000
10000111101110000
10000111110000000
10000111110010000
10000111110100000
10000111110110000
10000111111000000
10000111111010000
10000111111100000
10000111111110000
10010000000000000
10010000000010000
10010000000100000
10010000000110000
10010000001000000
10010000001010000
10010000001100000
10010000001110000
10010000010000000
10010000010010000
10010000010100000
10010000010110000
10010000011000000
10010000011010000
10010000011100000
10010000011110000
10010000100000000
10010000100010000
10010000100100000
10010000100110000
10010000101000000
10010000101010000
10010000101100000
10010000101110000
10010000110000000
10010000110010000
10010000110100000
10010000110110000
10010000111000000
10010000111010000
10010000111100000
10010000111110000
10010001000000000
10010001000010000
10010001000100000
10010001000110000
10010001001000000
10010001001010000
10010001001100000
10010001001110000
10010001010000000
10010001010010000
10010001010100000
10010001010110000
10010001011000000
10010001011010000
10010001011100000
10010001011110000
10010001100000000
10010001100010000
10010001100100000
10010001100110000
10010001101000000
10010001101010000
10010001101100000
10010001101110000
10010001110000000
10010001110010000
10010001110100000
10010001110110000
10010001111000000
10010001111010000
10010001111100000
10010001111110000
10010010000000000
10010010000010000
10010010000100000
10010010000110000
10010010001000000
10010010001010000
10010010001100000
10010010001110000
10010010010000000
10010010010010000
10010010010100000
10010010010110000
10010010011000000
10010010011010000
10010010011100000
10010010011110000
10010010100000000
10010010100010000
10010010100100000
10010010100110000
10010010101000000
10010010101010000
10010010101100000
10010010101110000
10010010110000000
10010010110010000
10010010110100000
10010010110110000
10010010111000000
10010010111010000
10010010111100000
10010010111110000
10010011000000000
10010011000010000
10010011000100000
10010011000110000
10010011001000000
10010011001010000
10010011001100000
10010011001110000
10010011010000000
10010011010010000
10010011010100000
10010011010110000
10010011011000000
10010011011010000
10010011011100000
10010011011110000
10010011100000000
10010011100010000
10010011100100000
10010011100110000
10010011101000000
10010011101010000
10010011101100000
10010011101110000
10010011110000000
10010011110010000
10010011110100000
10010011110110000
10010011111000000
10010011111010000
10010011111100000
10010011111110000
10010100000000000
10010100000010000
10010100000100000
10010100000110000
10010100001000000
10010100001010000
10010100001100000
10010100001110000
10010100010000000
10010100010010000
10010100010100000
10010100010110000
10010100011000000
10010100011010000
10010100011100000
10010100011110000
10010100100000000
10010100100010000
10010100100100000
10010100100110000
10010100101000000
10010100101010000
10010100101100000
10010100101110000
10010100110000000
10010100110010000
10010100110100000
10010100110110000
10010100111000000
10010100111010000
10010100111100000
10010100111110000
10010101000000000
10010101000010000
10010101000100000
10010101000110000
10010101001000000
10010101001010000
10010101001100000
10010101001110000
10010101010000000
10010101010010000
10010101010100000
10010101010110000
10010101011000000
10010101011010000
10010101011100000
10010101011110000
10010101100000000
10010101100010000
10010101100100000
10010101100110000
10010101101000000
10010101101010000
10010101101100000
10010101101110000
10010101110000000
10010101110010000
10010101110100000
10010101110110000
10010101111000000
10010101111010000
10010101111100000
10010101111110000
10010110000000000
10010110000010000
10010110000100000
10010110000110000
10010110001000000
10010110001010000
10010110001100000
10010110001110000
10010110010000000
10010110010010000
10010110010100000
10010110010110000
10010110011000000
10010110011010000
10010110011100000
10010110011110000
10010110100000000
10010110100010000
10010110100100000
10010110100110000
10010110101000000
10010110101010000
10010110101100000
10010110101110000
10010110110000000
10010110110010000
10010110110100000
10010110110110000
10010110111000000
10010110111010000
10010110111100000
10010110111110000
10010111000000000
10010111000010000
10010111000100000
10010111000110000
10010111001000000
10010111001010000
10010111001100000
10010111001110000
10010111010000000
10010111010010000
10010111010100000
10010111010110000
10010111011000000
10010111011010000
10010111011100000
10010111011110000
10010111100000000
10010111100010000
10010111100100000
10010111100110000
10010111101000000
10010111101010000
10010111101100000
10010111101110000
10010111110000000
10010111110010000
10010111110100000
10010111110110000
10010111111000000
10010111111010000
10010111111100000
10010111111110000
10100000000000000
10100000000010000
10100000000100000
10100000000110000
10100000001000000
10100000001010000
10100000001100000
10100000001110000
10100000010000000
10100000010010000
10100000010100000
10100000010110000
10100000011000000
10100000011010000
10100000011100000
10100000011110000
10100000100000000
10100000100010000
10100000100100000
10100000100110000
10100000101000000
10100000101010000
10100000101100000
10100000101110000
10100000110000000
10100000110010000
10100000110100000
10100000110110000
10100000111000000
10100000111010000
10100000111100000
10100000111110000
10100001000000000
10100001000010000
10100001000100000
10100001000110000
10100001001000000
10100001001010000
10100001001100000
10100001001110000
10100001010000000
10100001010010000
10100001010100000
10100001010110000
10100001011000000
10100001011010000
10100001011100000
10100001011110000
10100001100000000
10100001100010000
10100001100100000
10100001100110000
10100001101000000
10100001101010000
10100001101100000
10100001101110000
10100001110000000
10100001110010000
10100001110100000
10100001110110000
10100001111000000
10100001111010000
10100001111100000
10100001111110000
10100010000000000
10100010000010000
10100010000100000
10100010000110000
10100010001000000
10100010001010000
10100010001100000
10100010001110000
10100010010000000
10100010010010000
10100010010100000
10100010010110000
10100010011000000
10100010011010000
10100010011100000
10100010011110000
10100010100000000
10100010100010000
10100010100100000
10100010100110000
10100010101000000
10100010101010000
10100010101100000
10100010101110000
10100010110000000
10100010110010000
10100010110100000
10100010110110000
10100010111000000
10100010111010000
10100010111100000
10100010111110000
10100011000000000
10100011000010000
10100011000100000
10100011000110000
10100011001000000
10100011001010000
10100011001100000
10100011001110000
10100011010000000
10100011010010000
10100011010100000
10100011010110000
10100011011000000
10100011011010000
10100011011100000
10100011011110000
10100011100000000
10100011100010000
10100011100100000
10100011100110000
10100011101000000
10100011101010000
10100011101100000
10100011101110000
10100011110000000
10100011110010000
10100011110100000
10100011110110000
10100011111000000
10100011111010000
10100011111100000
10100011111110000
10100100000000000
10100100000010000
10100100000100000
10100100000110000
10100100001000000
10100100001010000
10100100001100000
10100100001110000
10100100010000000
10100100010010000
10100100010100000
10100100010110000
10100100011000000
10100100011010000
10100100011100000
10100100011110000
10100100100000000
10100100100010000
10100100100100000
10100100100110000
10100100101000000
10100100101010000
10100100101100000
10100100101110000
10100100110000000
10100100110010000
10100100110100000
10100100110110000
10100100111000000
10100100111010000
10100100111100000
10100100111110000
10100101000000000
10100101000010000
10100101000100000
10100101000110000
10100101001000000
10100101001010000
10100101001100000
10100101001110000
10100101010000000
10100101010010000
10100101010100000
10100101010110000
10100101011000000
10100101011010000
10100101011100000
10100101011110000
10100101100000000
10100101100010000
10100101100100000
10100101100110000
10100101101000000
10100101101010000
10100101101100000
10100101101110000
10100101110000000
10100101110010000
10100101110100000
10100101110110000
10100101111000000
10100101111010000
10100101111100000
10100101111110000
10100110000000000
10100110000010000
10100110000100000
10100110000110000
10100110001000000
10100110001010000
10100110001100000
10100110001110000
10100110010000000
10100110010010000
10100110010100000
10100110010110000
10100110011000000
10100110011010000
10100110011100000
10100110011110000
10100110100000000
10100110100010000
10100110100100000
10100110100110000
10100110101000000
10100110101010000
10100110101100000
10100110101110000
10100110110000000
10100110110010000
10100110110100000
10100110110110000
10100110111000000
10100110111010000
10100110111100000
10100110111110000
10100111000000000
10100111000010000
10100111000100000
10100111000110000
10100111001000000
10100111001010000
10100111001100000
10100111001110000
10100111010000000
10100111010010000
10100111010100000
10100111010110000
10100111011000000
10100111011010000
10100111011100000
10100111011110000
10100111100000000
10100111100010000
10100111100100000
10100111100110000
10100111101000000
10100111101010000
10100111101100000
10100111101110000
10100111110000000
10100111110010000
10100111110100000
10100111110110000
10100111111000000
10100111111010000
10100111111100000
10100111111110000
10110000000000000
10110000000010000
10110000000100000
10110000000110000
10110000001000000
10110000001010000
10110000001100000
10110000001110000
10110000010000000
10110000010010000
10110000010100000
10110000010110000
10110000011000000
10110000011010000
10110000011100000
10110000011110000
10110000100000000
10110000100010000
10110000100100000
10110000100110000
10110000101000000
10110000101010000
10110000101100000
10110000101110000
10110000110000000
10110000110010000
10110000110100000
10110000110110000
10110000111000000
10110000111010000
10110000111100000
10110000111110000
10110001000000000
10110001000010000
10110001000100000
10110001000110000
10110001001000000
10110001001010000
10110001001100000
10110001001110000
10110001010000000
10110001010010000
10110001010100000
10110001010110000
10110001011000000
10110001011010000
10110001011100000
10110001011110000
10110001100000000
10110001100010000
10110001100100000
10110001100110000
10110001101000000
10110001101010000
10110001101100000
10110001101110000
10110001110000000
10110001110010000
10110001110100000
10110001110110000
10110001111000000
10110001111010000
10110001111100000
10110001111110000
10110010000000000
10110010000010000
10110010000100000
10110010000110000
10110010001000000
10110010001010000
10110010001100000
10110010001110000
10110010010000000
10110010010010000
10110010010100000
10110010010110000
10110010011000000
10110010011010000
10110010011100000
10110010011110000
10110010100000000
10110010100010000
10110010100100000
10110010100110000
10110010101000000
10110010101010000
10110010101100000
10110010101110000
10110010110000000
10110010110010000
10110010110100000
10110010110110000
10110010111000000
10110010111010000
10110010111100000
10110010111110000
10110011000000000
10110011000010000
10110011000100000
10110011000110000
10110011001000000
10110011001010000
10110011001100000
10110011001110000
10110011010000000
10110011010010000
10110011010100000
10110011010110000
10110011011000000
10110011011010000
10110011011100000
10110011011110000
10110011100000000
10110011100010000
10110011100100000
10110011100110000
10110011101000000
10110011101010000
10110011101100000
10110011101110000
10110011110000000
10110011110010000
10110011110100000
10110011110110000
10110011111000000
10110011111010000
10110011111100000
10110011111110000
10110100000000000
10110100000010000
10110100000100000
10110100000110000
10110100001000000
10110100001010000
10110100001100000
10110100001110000
10110100010000000
10110100010010000
10110100010100000
10110100010110000
10110100011000000
10110100011010000
10110100011100000
10110100011110000
10110100100000000
10110100100010000
10110100100100000
10110100100110000
10110100101000000
10110100101010000
10110100101100000
10110100101110000
10110100110000000
10110100110010000
10110100110100000
10110100110110000
10110100111000000
10110100111010000
10110100111100000
10110100111110000
10110101000000000
10110101000010000
10110101000100000
10110101000110000
10110101001000000
10110101001010000
10110101001100000
10110101001110000
10110101010000000
10110101010010000
10110101010100000
10110101010110000
10110101011000000
10110101011010000
10110101011100000
10110101011110000
10110101100000000
10110101100010000
10110101100100000
10110101100110000
10110101101000000
10110101101010000
10110101101100000
10110101101110000
10110101110000000
10110101110010000
10110101110100000
10110101110110000
10110101111000000
10110101111010000
10110101111100000
10110101111110000
10110110000000000
10110110000010000
10110110000100000
10110110000110000
10110110001000000
10110110001010000
10110110001100000
10110110001110000
10110110010000000
10110110010010000
10110110010100000
10110110010110000
10110110011000000
10110110011010000
10110110011100000
10110110011110000
10110110100000000
10110110100010000
10110110100100000
10110110100110000
10110110101000000
10110110101010000
10110110101100000
10110110101110000
10110110110000000
10110110110010000
10110110110100000
10110110110110000
10110110111000000
10110110111010000
10110110111100000
10110110111110000
10110111000000000
10110111000010000
10110111000100000
10110111000110000
10110111001000000
10110111001010000
10110111001100000
10110111001110000
10110111010000000
10110111010010000
10110111010100000
10110111010110000
10110111011000000
10110111011010000
10110111011100000
10110111011110000
10110111100000000
10110111100010000
10110111100100000
10110111100110000
10110111101000000
10110111101010000
10110111101100000
10110111101110000
10110111110000000
10110111110010000
10110111110100000
10110111110110000
10110111111000000
10110111111010000
10110111111100000
10110111111110000
11000000000000000
11000000000010000
11000000000100000
11000000000110000
11000000001000000
11000000001010000
11000000001100000
11000000001110000
11000000010000000
11000000010010000
11000000010100000
11000000010110000
11000000011000000
11000000011010000
11000000011100000
11000000011110000
11000000100000000
11000000100010000
11000000100100000
11000000100110000
11000000101000000
11000000101010000
11000000101100000
11000000101110000
11000000110000000
11000000110010000
11000000110100000
11000000110110000
11000000111000000
11000000111010000
11000000111100000
11000000111110000
11000001000000000
11000001000010000
11000001000100000
11000001000110000
11000001001000000
11000001001010000
11000001001100000
11000001001110000
11000001010000000
11000001010010000
11000001010100000
11000001010110000
11000001011000000
11000001011010000
11000001011100000
11000001011110000
11000001100000000
11000001100010000
11000001100100000
11000001100110000
11000001101000000
11000001101010000
11000001101100000
11000001101110000
11000001110000000
11000001110010000
11000001110100000
11000001110110000
11000001111000000
11000001111010000
11000001111100000
11000001111110000
11000010000000000
11000010000010000
11000010000100000
11000010000110000
11000010001000000
11000010001010000
11000010001100000
11000010001110000
11000010010000000
11000010010010000
11000010010100000
11000010010110000
11000010011000000
11000010011010000
11000010011100000
11000010011110000
11000010100000000
11000010100010000
11000010100100000
11000010100110000
11000010101000000
11000010101010000
11000010101100000
11000010101110000
11000010110000000
11000010110010000
11000010110100000
11000010110110000
11000010111000000
11000010111010000
11000010111100000
11000010111110000
11000011000000000
11000011000010000
11000011000100000
11000011000110000
11000011001000000
11000011001010000
11000011001100000
11000011001110000
11000011010000000
11000011010010000
11000011010100000
11000011010110000
11000011011000000
11000011011010000
11000011011100000
11000011011110000
11000011100000000
11000011100010000
11000011100100000
11000011100110000
11000011101000000
11000011101010000
11000011101100000
11000011101110000
11000011110000000
11000011110010000
11000011110100000
11000011110110000
11000011111000000
11000011111010000
11000011111100000
11000011111110000
11000100000000000
11000100000010000
11000100000100000
11000100000110000
11000100001000000
11000100001010000
11000100001100000
11000100001110000
11000100010000000
11000100010010000
11000100010100000
11000100010110000
11000100011000000
11000100011010000
11000100011100000
11000100011110000
11000100100000000
11000100100010000
11000100100100000
11000100100110000
11000100101000000
11000100101010000
11000100101100000
11000100101110000
11000100110000000
11000100110010000
11000100110100000
11000100110110000
11000100111000000
11000100111010000
11000100111100000
11000100111110000
11000101000000000
11000101000010000
11000101000100000
11000101000110000
11000101001000000
11000101001010000
11000101001100000
11000101001110000
11000101010000000
11000101010010000
11000101010100000
11000101010110000
11000101011000000
11000101011010000
11000101011100000
11000101011110000
11000101100000000
11000101100010000
11000101100100000
11000101100110000
11000101101000000
11000101101010000
11000101101100000
11000101101110000
11000101110000000
11000101110010000
11000101110100000
11000101110110000
11000101111000000
11000101111010000
11000101111100000
11000101111110000
11000110000000000
11000110000010000
11000110000100000
11000110000110000
11000110001000000
11000110001010000
11000110001100000
11000110001110000
11000110010000000
11000110010010000
11000110010100000
11000110010110000
11000110011000000
11000110011010000
11000110011100000
11000110011110000
11000110100000000
11000110100010000
11000110100100000
11000110100110000
11000110101000000
11000110101010000
11000110101100000
11000110101110000
11000110110000000
11000110110010000
11000110110100000
11000110110110000
11000110111000000
11000110111010000
11000110111100000
11000110111110000
11000111000000000
11000111000010000
11000111000100000
11000111000110000
11000111001000000
11000111001010000
11000111001100000
11000111001110000
11000111010000000
11000111010010000
11000111010100000
11000111010110000
11000111011000000
11000111011010000
11000111011100000
11000111011110000
11000111100000000
11000111100010000
11000111100100000
11000111100110000
11000111101000000
11000111101010000
11000111101100000
11000111101110000
11000111110000000
11000111110010000
11000111110100000
11000111110110000
11000111111000000
11000111111010000
11000111111100000
11000111111110000
11010000000000000
11010000000010000
11010000000100000
11010000000110000
11010000001000000
11010000001010000
11010000001100000
11010000001110000
11010000010000000
11010000010010000
11010000010100000
11010000010110000
11010000011000000
11010000011010000
11010000011100000
11010000011110000
11010000100000000
11010000100010000
11010000100100000
11010000100110000
11010000101000000
11010000101010000
11010000101100000
11010000101110000
11010000110000000
11010000110010000
11010000110100000
11010000110110000
11010000111000000
11010000111010000
11010000111100000
11010000111110000
11010001000000000
11010001000010000
11010001000100000
11010001000110000
11010001001000000
11010001001010000
11010001001100000
11010001001110000
11010001010000000
11010001010010000
11010001010100000
11010001010110000
11010001011000000
11010001011010000
11010001011100000
11010001011110000
11010001100000000
11010001100010000
11010001100100000
11010001100110000
11010001101000000
11010001101010000
11010001101100000
11010001101110000
11010001110000000
11010001110010000
11010001110100000
11010001110110000
11010001111000000
11010001111010000
11010001111100000
11010001111110000
11010010000000000
11010010000010000
11010010000100000
11010010000110000
11010010001000000
11010010001010000
11010010001100000
11010010001110000
11010010010000000
11010010010010000
11010010010100000
11010010010110000
11010010011000000
11010010011010000
11010010011100000
11010010011110000
11010010100000000
11010010100010000
11010010100100000
11010010100110000
11010010101000000
11010010101010000
11010010101100000
11010010101110000
11010010110000000
11010010110010000
11010010110100000
11010010110110000
11010010111000000
11010010111010000
11010010111100000
11010010111110000
11010011000000000
11010011000010000
11010011000100000
11010011000110000
11010011001000000
11010011001010000
11010011001100000
11010011001110000
11010011010000000
11010011010010000
11010011010100000
11010011010110000
11010011011000000
11010011011010000
11010011011100000
11010011011110000
11010011100000000
11010011100010000
11010011100100000
11010011100110000
11010011101000000
11010011101010000
11010011101100000
11010011101110000
11010011110000000
11010011110010000
11010011110100000
11010011110110000
11010011111000000
11010011111010000
11010011111100000
11010011111110000
11010100000000000
11010100000010000
11010100000100000
11010100000110000
11010100001000000
11010100001010000
11010100001100000
11010100001110000
11010100010000000
11010100010010000
11010100010100000
11010100010110000
11010100011000000
11010100011010000
11010100011100000
11010100011110000
11010100100000000
11010100100010000
11010100100100000
11010100100110000
11010100101000000
11010100101010000
11010100101100000
11010100101110000
11010100110000000
11010100110010000
11010100110100000
11010100110110000
11010100111000000
11010100111010000
11010100111100000
11010100111110000
11010101000000000
11010101000010000
11010101000100000
11010101000110000
11010101001000000
11010101001010000
11010101001100000
11010101001110000
11010101010000000
11010101010010000
11010101010100000
11010101010110000
11010101011000000
11010101011010000
11010101011100000
11010101011110000
11010101100000000
11010101100010000
11010101100100000
11010101100110000
11010101101000000
11010101101010000
11010101101100000
11010101101110000
11010101110000000
11010101110010000
11010101110100000
11010101110110000
11010101111000000
11010101111010000
11010101111100000
11010101111110000
11010110000000000
11010110000010000
11010110000100000
11010110000110000
11010110001000000
11010110001010000
11010110001100000
11010110001110000
11010110010000000
11010110010010000
11010110010100000
11010110010110000
11010110011000000
11010110011010000
11010110011100000
11010110011110000
11010110100000000
11010110100010000
11010110100100000
11010110100110000
11010110101000000
11010110101010000
11010110101100000
11010110101110000
11010110110000000
11010110110010000
11010110110100000
11010110110110000
11010110111000000
11010110111010000
11010110111100000
11010110111110000
11010111000000000
11010111000010000
11010111000100000
11010111000110000
11010111001000000
11010111001010000
11010111001100000
11010111001110000
11010111010000000
11010111010010000
11010111010100000
11010111010110000
11010111011000000
11010111011010000
11010111011100000
11010111011110000
11010111100000000
11010111100010000
11010111100100000
11010111100110000
11010111101000000
11010111101010000
11010111101100000
11010111101110000
11010111110000000
11010111110010000
11010111110100000
11010111110110000
11010111111000000
11010111111010000
11010111111100000
11010111111110000
11100000000000000
11100000000010000
11100000000100000
11100000000110000
11100000001000000
11100000001010000
11100000001100000
11100000001110000
11100000010000000
11100000010010000
11100000010100000
11100000010110000
11100000011000000
11100000011010000
11100000011100000
11100000011110000
11100000100000000
11100000100010000
11100000100100000
11100000100110000
11100000101000000
11100000101010000
11100000101100000
11100000101110000
11100000110000000
11100000110010000
11100000110100000
11100000110110000
11100000111000000
11100000111010000
11100000111100000
11100000111110000
11100001000000000
11100001000010000
11100001000100000
11100001000110000
11100001001000000
11100001001010000
11100001001100000
11100001001110000
11100001010000000
11100001010010000
11100001010100000
11100001010110000
11100001011000000
11100001011010000
11100001011100000
11100001011110000
11100001100000000
11100001100010000
11100001100100000
11100001100110000
11100001101000000
11100001101010000
11100001101100000
11100001101110000
11100001110000000
11100001110010000
11100001110100000
11100001110110000
11100001111000000
11100001111010000
11100001111100000
11100001111110000
11100010000000000
11100010000010000
11100010000100000
11100010000110000
11100010001000000
11100010001010000
11100010001100000
11100010001110000
11100010010000000
11100010010010000
11100010010100000
11100010010110000
11100010011000000
11100010011010000
11100010011100000
11100010011110000
11100010100000000
11100010100010000
11100010100100000
11100010100110000
11100010101000000
11100010101010000
11100010101100000
11100010101110000
11100010110000000
11100010110010000
11100010110100000
11100010110110000
11100010111000000
11100010111010000
11100010111100000
11100010111110000
11100011000000000
11100011000010000
11100011000100000
11100011000110000
11100011001000000
11100011001010000
11100011001100000
11100011001110000
11100011010000000
11100011010010000
11100011010100000
11100011010110000
11100011011000000
11100011011010000
11100011011100000
11100011011110000
11100011100000000
11100011100010000
11100011100100000
11100011100110000
11100011101000000
11100011101010000
11100011101100000
11100011101110000
11100011110000000
11100011110010000
11100011110100000
11100011110110000
11100011111000000
11100011111010000
11100011111100000
11100011111110000
11100100000000000
11100100000010000
11100100000100000
11100100000110000
11100100001000000
11100100001010000
11100100001100000
11100100001110000
11100100010000000
11100100010010000
11100100010100000
11100100010110000
11100100011000000
11100100011010000
11100100011100000
11100100011110000
11100100100000000
11100100100010000
11100100100100000
11100100100110000
11100100101000000
11100100101010000
11100100101100000
11100100101110000
11100100110000000
11100100110010000
11100100110100000
11100100110110000
11100100111000000
11100100111010000
11100100111100000
11100100111110000
11100101000000000
11100101000010000
11100101000100000
11100101000110000
11100101001000000
11100101001010000
11100101001100000
11100101001110000
11100101010000000
11100101010010000
11100101010100000
11100101010110000
11100101011000000
11100101011010000
11100101011100000
11100101011110000
11100101100000000
11100101100010000
11100101100100000
11100101100110000
11100101101000000
11100101101010000
11100101101100000
11100101101110000
11100101110000000
11100101110010000
11100101110100000
11100101110110000
11100101111000000
11100101111010000
11100101111100000
11100101111110000
11100110000000000
11100110000010000
11100110000100000
11100110000110000
11100110001000000
11100110001010000
11100110001100000
11100110001110000
11100110010000000
11100110010010000
11100110010100000
11100110010110000
11100110011000000
11100110011010000
11100110011100000
11100110011110000
11100110100000000
11100110100010000
11100110100100000
11100110100110000
11100110101000000
11100110101010000
11100110101100000
11100110101110000
11100110110000000
11100110110010000
11100110110100000
11100110110110000
11100110111000000
11100110111010000
11100110111100000
11100110111110000
11100111000000000
11100111000010000
11100111000100000
11100111000110000
11100111001000000
11100111001010000
11100111001100000
11100111001110000
11100111010000000
11100111010010000
11100111010100000
11100111010110000
11100111011000000
11100111011010000
11100111011100000
11100111011110000
11100111100000000
11100111100010000
11100111100100000
11100111100110000
11100111101000000
11100111101010000
11100111101100000
11100111101110000
11100111110000000
11100111110010000
11100111110100000
11100111110110000
11100111111000000
11100111111010000
11100111111100000
11100111111110000
11110000000000000
11110000000010000
11110000000100000
11110000000110000
11110000001000000
11110000001010000
11110000001100000
11110000001110000
11110000010000000
11110000010010000
11110000010100000
11110000010110000
11110000011000000
11110000011010000
11110000011100000
11110000011110000
11110000100000000
11110000100010000
11110000100100000
11110000100110000
11110000101000000
11110000101010000
11110000101100000
11110000101110000
11110000110000000
11110000110010000
11110000110100000
11110000110110000
11110000111000000
11110000111010000
11110000111100000
11110000111110000
11110001000000000
11110001000010000
11110001000100000
11110001000110000
11110001001000000
11110001001010000
11110001001100000
11110001001110000
11110001010000000
11110001010010000
11110001010100000
11110001010110000
11110001011000000
11110001011010000
11110001011100000
11110001011110000
11110001100000000
11110001100010000
11110001100100000
11110001100110000
11110001101000000
11110001101010000
11110001101100000
11110001101110000
11110001110000000
11110001110010000
11110001110100000
11110001110110000
11110001111000000
11110001111010000
11110001111100000
11110001111110000
11110010000000000
11110010000010000
11110010000100000
11110010000110000
11110010001000000
11110010001010000
11110010001100000
11110010001110000
11110010010000000
11110010010010000
11110010010100000
11110010010110000
11110010011000000
11110010011010000
11110010011100000
11110010011110000
11110010100000000
11110010100010000
11110010100100000
11110010100110000
11110010101000000
11110010101010000
11110010101100000
11110010101110000
11110010110000000
11110010110010000
11110010110100000
11110010110110000
11110010111000000
11110010111010000
11110010111100000
11110010111110000
11110011000000000
11110011000010000
11110011000100000
11110011000110000
11110011001000000
11110011001010000
11110011001100000
11110011001110000
11110011010000000
11110011010010000
11110011010100000
11110011010110000
11110011011000000
11110011011010000
11110011011100000
11110011011110000
11110011100000000
11110011100010000
11110011100100000
11110011100110000
11110011101000000
11110011101010000
11110011101100000
11110011101110000
11110011110000000
11110011110010000
11110011110100000
11110011110110000
11110011111000000
11110011111010000
11110011111100000
11110011111110000
11110100000000000
11110100000010000
11110100000100000
11110100000110000
11110100001000000
11110100001010000
11110100001100000
11110100001110000
11110100010000000
11110100010010000
11110100010100000
11110100010110000
11110100011000000
11110100011010000
11110100011100000
11110100011110000
11110100100000000
11110100100010000
11110100100100000
11110100100110000
11110100101000000
11110100101010000
11110100101100000
11110100101110000
11110100110000000
11110100110010000
11110100110100000
11110100110110000
11110100111000000
11110100111010000
11110100111100000
11110100111110000
11110101000000000
11110101000010000
11110101000100000
11110101000110000
11110101001000000
11110101001010000
11110101001100000
11110101001110000
11110101010000000
11110101010010000
11110101010100000
11110101010110000
11110101011000000
11110101011010000
11110101011100000
11110101011110000
11110101100000000
11110101100010000
11110101100100000
11110101100110000
11110101101000000
11110101101010000
11110101101100000
11110101101110000
11110101110000000
11110101110010000
11110101110100000
11110101110110000
11110101111000000
11110101111010000
11110101111100000
11110101111110000
11110110000000000
11110110000010000
11110110000100000
11110110000110000
11110110001000000
11110110001010000
11110110001100000
11110110001110000
11110110010000000
11110110010010000
11110110010100000
11110110010110000
11110110011000000
11110110011010000
11110110011100000
11110110011110000
11110110100000000
11110110100010000
11110110100100000
11110110100110000
11110110101000000
11110110101010000
11110110101100000
11110110101110000
11110110110000000
11110110110010000
11110110110100000
11110110110110000
11110110111000000
11110110111010000
11110110111100000
11110110111110000
11110111000000000
11110111000010000
11110111000100000
11110111000110000
11110111001000000
11110111001010000
11110111001100000
11110111001110000
11110111010000000
11110111010010000
11110111010100000
11110111010110000
11110111011000000
11110111011010000
11110111011100000
11110111011110000
11110111100000000
11110111100010000
11110111100100000
11110111100110000
11110111101000000
11110111101010000
11110111101100000
11110111101110000
11110111110000000
11110111110010000
11110111110100000
11110111110110000
11110111111000000
11110111111010000
11110111111100000
11110111111110000
