00000000000000000
00000000000000010
00000000000000100
00000000000000110
00000000000001000
00000000000001010
00000000000001100
00000000000001110
00000000000010000
00000000000010010
00000000000010100
00000000000010110
00000000000011000
00000000000011010
00000000000011100
00000100000000000
00000100000000010
00000100000000100
00000100000000110
00000100000001000
00000100000001010
00000100000001100
00000100000010000
00000100000010010
00000100000010100
00000100000011000
00001000000000000
00001000000000010
00001000000000100
00001000000000110
00001000000001000
00001000000001010
00001000000001100
00001000000010000
00001000000010010
00001000000010100
00001000000011000
00001100000000000
00001100000000010
00001100000000100
00001100000001000
00001100000010000
00010000000000000
00010000000000010
00010000000000100
00010000000000110
00010000000001000
00010000000001010
00010000000001100
00010000000010000
00010000000010010
00010000000010100
00010000000011000
00010100000000000
00010100000000010
00010100000000100
00010100000001000
00010100000010000
00011000000000000
00011000000000010
00011000000000100
00011000000001000
00011000000010000
00011100000000000
00100000000000000
00100000000000010
00100000000000100
00100000000000110
00100000000001000
00100000000001010
00100000000001100
00100000000010000
00100000000010010
00100000000010100
00100000000011000
00100100000000000
00100100000000010
00100100000000100
00100100000001000
00100100000010000
00101000000000000
00101000000000010
00101000000000100
00101000000001000
00101000000010000
00101100000000000
00110000000000000
00110000000000010
00110000000000100
00110000000001000
00110000000010000
00110100000000000
00111000000000000
10000000000000000
10000000000000010
10000000000000100
10000000000000110
10000000000001000
10000000000001010
10000000000001100
10000000000010000
10000000000010010
10000000000010100
10000000000011000
10000100000000000
10000100000000010
10000100000000100
10000100000001000
10000100000010000
10001000000000000
10001000000000010
10001000000000100
10001000000001000
10001000000010000
10001100000000000
10010000000000000
10010000000000010
10010000000000100
10010000000001000
10010000000010000
10010100000000000
10011000000000000
10100000000000000
10100000000000010
10100000000000100
10100000000001000
10100000000010000
10100100000000000
10101000000000000
10110000000000000
