00000000000000000
00000000000000001
00000000010000000
00000000010000001
00000001000000000
00000001000000001
00000001010000000
00000001010000001
00000010000000000
00000010000000001
00000010010000000
00000010010000001
00000011000000000
00000011000000001
00000011010000000
00000011010000001
00000100000000000
00000100000000001
00000100010000000
00000100010000001
00000101000000000
00000101000000001
00000101010000000
00000101010000001
00000110000000000
00000110000000001
00000110010000000
00000110010000001
00000111000000000
00000111000000001
00000111010000000
00000111010000001
00001000000000000
00001000000000001
00001000010000000
00001000010000001
00001001000000000
00001001000000001
00001001010000000
00001001010000001
00001010000000000
00001010000000001
00001010010000000
00001010010000001
00001011000000000
00001011000000001
00001011010000000
00001011010000001
00001100000000000
00001100000000001
00001100010000000
00001100010000001
00001101000000000
00001101000000001
00001101010000000
00001101010000001
00001110000000000
00001110000000001
00001110010000000
00001110010000001
00001111000000000
00001111000000001
00001111010000000
00001111010000001
01000000000000000
01000000000000001
01000000010000000
01000000010000001
01000001000000000
01000001000000001
01000001010000000
01000001010000001
01000010000000000
01000010000000001
01000010010000000
01000010010000001
01000011000000000
01000011000000001
01000011010000000
01000011010000001
01000100000000000
01000100000000001
01000100010000000
01000100010000001
01000101000000000
01000101000000001
01000101010000000
01000101010000001
01000110000000000
01000110000000001
01000110010000000
01000110010000001
01000111000000000
01000111000000001
01000111010000000
01000111010000001
01001000000000000
01001000000000001
01001000010000000
01001000010000001
01001001000000000
01001001000000001
01001001010000000
01001001010000001
01001010000000000
01001010000000001
01001010010000000
01001010010000001
01001011000000000
01001011000000001
01001011010000000
01001011010000001
01001100000000000
01001100000000001
01001100010000000
01001100010000001
01001101000000000
01001101000000001
01001101010000000
01001101010000001
01001110000000000
01001110000000001
01001110010000000
01001110010000001
01001111000000000
01001111000000001
01001111010000000
01001111010000001
10000000000000000
10000000000000001
10000000010000000
10000000010000001
10000001000000000
10000001000000001
10000001010000000
10000001010000001
10000010000000000
10000010000000001
10000010010000000
10000010010000001
10000011000000000
10000011000000001
10000011010000000
10000011010000001
10000100000000000
10000100000000001
10000100010000000
10000100010000001
10000101000000000
10000101000000001
10000101010000000
10000101010000001
10000110000000000
10000110000000001
10000110010000000
10000110010000001
10000111000000000
10000111000000001
10000111010000000
10000111010000001
10001000000000000
10001000000000001
10001000010000000
10001000010000001
10001001000000000
10001001000000001
10001001010000000
10001001010000001
10001010000000000
10001010000000001
10001010010000000
10001010010000001
10001011000000000
10001011000000001
10001011010000000
10001011010000001
10001100000000000
10001100000000001
10001100010000000
10001100010000001
10001101000000000
10001101000000001
10001101010000000
10001101010000001
10001110000000000
10001110000000001
10001110010000000
10001110010000001
10001111000000000
10001111000000001
10001111010000000
10001111010000001
11000000000000000
11000000000000001
11000000010000000
11000000010000001
11000001000000000
11000001000000001
11000001010000000
11000001010000001
11000010000000000
11000010000000001
11000010010000000
11000010010000001
11000011000000000
11000011000000001
11000011010000000
11000011010000001
11000100000000000
11000100000000001
11000100010000000
11000100010000001
11000101000000000
11000101000000001
11000101010000000
11000101010000001
11000110000000000
11000110000000001
11000110010000000
11000110010000001
11000111000000000
11000111000000001
11000111010000000
11000111010000001
11001000000000000
11001000000000001
11001000010000000
11001000010000001
11001001000000000
11001001000000001
11001001010000000
11001001010000001
11001010000000000
11001010000000001
11001010010000000
11001010010000001
11001011000000000
11001011000000001
11001011010000000
11001011010000001
11001100000000000
11001100000000001
11001100010000000
11001100010000001
11001101000000000
11001101000000001
11001101010000000
11001101010000001
11001110000000000
11001110000000001
11001110010000000
11001110010000001
11001111000000000
11001111000000001
11001111010000000
11001111010000001
