00000000000000000
00000000000000001
00000000000000010
00000000000000011
00000000000000100
00000000000000101
00000000000000110
00000000000000111
00000000000001000
00000000000001001
00000000000001010
00000000000001011
00000000000001100
00000000000001101
00000000000001110
00000000000001111
00000000000010000
00000000000010001
00000000000010010
00000000000010011
00000000000010100
00000000000010101
00000000000010110
00000000000010111
00000000000011000
00000000000011001
00000000000011010
00000000000011011
00000000000011100
00000000000011101
00000000000011110
00000000000011111
00000000001000000
00000000001000001
00000000001000010
00000000001000011
00000000001000100
00000000001000101
00000000001000110
00000000001000111
00000000001001000
00000000001001001
00000000001001010
00000000001001011
00000000001001100
00000000001001101
00000000001001110
00000000001001111
00000000001010000
00000000001010001
00000000001010010
00000000001010011
00000000001010100
00000000001010101
00000000001010110
00000000001010111
00000000001011000
00000000001011001
00000000001011010
00000000001011011
00000000001011100
00000000001011101
00000000001011110
00000000001011111
00000000010000000
00000000010000001
00000000010000010
00000000010000011
00000000010000100
00000000010000101
00000000010000110
00000000010000111
00000000010001000
00000000010001001
00000000010001010
00000000010001011
00000000010001100
00000000010001101
00000000010001110
00000000010001111
00000000010010000
00000000010010001
00000000010010010
00000000010010011
00000000010010100
00000000010010101
00000000010010110
00000000010010111
00000000010011000
00000000010011001
00000000010011010
00000000010011011
00000000010011100
00000000010011101
00000000010011110
00000000010011111
00000000011000000
00000000011000001
00000000011000010
00000000011000011
00000000011000100
00000000011000101
00000000011000110
00000000011000111
00000000011001000
00000000011001001
00000000011001010
00000000011001011
00000000011001100
00000000011001101
00000000011001110
00000000011001111
00000000011010000
00000000011010001
00000000011010010
00000000011010011
00000000011010100
00000000011010101
00000000011010110
00000000011010111
00000000011011000
00000000011011001
00000000011011010
00000000011011011
00000000011011100
00000000011011101
00000000011011110
00000000011011111
00000000100000000
00000000100000001
00000000100000010
00000000100000011
00000000100000100
00000000100000101
00000000100000110
00000000100000111
00000000100001000
00000000100001001
00000000100001010
00000000100001011
00000000100001100
00000000100001101
00000000100001110
00000000100001111
00000000100010000
00000000100010001
00000000100010010
00000000100010011
00000000100010100
00000000100010101
00000000100010110
00000000100010111
00000000100011000
00000000100011001
00000000100011010
00000000100011011
00000000100011100
00000000100011101
00000000100011110
00000000100011111
00000000101000000
00000000101000001
00000000101000010
00000000101000011
00000000101000100
00000000101000101
00000000101000110
00000000101000111
00000000101001000
00000000101001001
00000000101001010
00000000101001011
00000000101001100
00000000101001101
00000000101001110
00000000101001111
00000000101010000
00000000101010001
00000000101010010
00000000101010011
00000000101010100
00000000101010101
00000000101010110
00000000101010111
00000000101011000
00000000101011001
00000000101011010
00000000101011011
00000000101011100
00000000101011101
00000000101011110
00000000101011111
00000000110000000
00000000110000001
00000000110000010
00000000110000011
00000000110000100
00000000110000101
00000000110000110
00000000110000111
00000000110001000
00000000110001001
00000000110001010
00000000110001011
00000000110001100
00000000110001101
00000000110001110
00000000110001111
00000000110010000
00000000110010001
00000000110010010
00000000110010011
00000000110010100
00000000110010101
00000000110010110
00000000110010111
00000000110011000
00000000110011001
00000000110011010
00000000110011011
00000000110011100
00000000110011101
00000000110011110
00000000110011111
00000000111000000
00000000111000001
00000000111000010
00000000111000011
00000000111000100
00000000111000101
00000000111000110
00000000111000111
00000000111001000
00000000111001001
00000000111001010
00000000111001011
00000000111001100
00000000111001101
00000000111001110
00000000111001111
00000000111010000
00000000111010001
00000000111010010
00000000111010011
00000000111010100
00000000111010101
00000000111010110
00000000111010111
00000000111011000
00000000111011001
00000000111011010
00000000111011011
00000000111011100
00000000111011101
00000000111011110
00000000111011111
00000001000000000
00000001000000001
00000001000000010
00000001000000011
00000001000000100
00000001000000101
00000001000000110
00000001000000111
00000001000001000
00000001000001001
00000001000001010
00000001000001011
00000001000001100
00000001000001101
00000001000001110
00000001000001111
00000001000010000
00000001000010001
00000001000010010
00000001000010011
00000001000010100
00000001000010101
00000001000010110
00000001000010111
00000001000011000
00000001000011001
00000001000011010
00000001000011011
00000001000011100
00000001000011101
00000001000011110
00000001000011111
00000001001000000
00000001001000001
00000001001000010
00000001001000011
00000001001000100
00000001001000101
00000001001000110
00000001001000111
00000001001001000
00000001001001001
00000001001001010
00000001001001011
00000001001001100
00000001001001101
00000001001001110
00000001001001111
00000001001010000
00000001001010001
00000001001010010
00000001001010011
00000001001010100
00000001001010101
00000001001010110
00000001001010111
00000001001011000
00000001001011001
00000001001011010
00000001001011011
00000001001011100
00000001001011101
00000001001011110
00000001001011111
00000001010000000
00000001010000001
00000001010000010
00000001010000011
00000001010000100
00000001010000101
00000001010000110
00000001010000111
00000001010001000
00000001010001001
00000001010001010
00000001010001011
00000001010001100
00000001010001101
00000001010001110
00000001010001111
00000001010010000
00000001010010001
00000001010010010
00000001010010011
00000001010010100
00000001010010101
00000001010010110
00000001010010111
00000001010011000
00000001010011001
00000001010011010
00000001010011011
00000001010011100
00000001010011101
00000001010011110
00000001010011111
00000001011000000
00000001011000001
00000001011000010
00000001011000011
00000001011000100
00000001011000101
00000001011000110
00000001011000111
00000001011001000
00000001011001001
00000001011001010
00000001011001011
00000001011001100
00000001011001101
00000001011001110
00000001011001111
00000001011010000
00000001011010001
00000001011010010
00000001011010011
00000001011010100
00000001011010101
00000001011010110
00000001011010111
00000001011011000
00000001011011001
00000001011011010
00000001011011011
00000001011011100
00000001011011101
00000001011011110
00000001011011111
00000001100000000
00000001100000001
00000001100000010
00000001100000011
00000001100000100
00000001100000101
00000001100000110
00000001100000111
00000001100001000
00000001100001001
00000001100001010
00000001100001011
00000001100001100
00000001100001101
00000001100001110
00000001100001111
00000001100010000
00000001100010001
00000001100010010
00000001100010011
00000001100010100
00000001100010101
00000001100010110
00000001100010111
00000001100011000
00000001100011001
00000001100011010
00000001100011011
00000001100011100
00000001100011101
00000001100011110
00000001100011111
00000001101000000
00000001101000001
00000001101000010
00000001101000011
00000001101000100
00000001101000101
00000001101000110
00000001101000111
00000001101001000
00000001101001001
00000001101001010
00000001101001011
00000001101001100
00000001101001101
00000001101001110
00000001101001111
00000001101010000
00000001101010001
00000001101010010
00000001101010011
00000001101010100
00000001101010101
00000001101010110
00000001101010111
00000001101011000
00000001101011001
00000001101011010
00000001101011011
00000001101011100
00000001101011101
00000001101011110
00000001101011111
00000001110000000
00000001110000001
00000001110000010
00000001110000011
00000001110000100
00000001110000101
00000001110000110
00000001110000111
00000001110001000
00000001110001001
00000001110001010
00000001110001011
00000001110001100
00000001110001101
00000001110001110
00000001110001111
00000001110010000
00000001110010001
00000001110010010
00000001110010011
00000001110010100
00000001110010101
00000001110010110
00000001110010111
00000001110011000
00000001110011001
00000001110011010
00000001110011011
00000001110011100
00000001110011101
00000001110011110
00000001110011111
00000001111000000
00000001111000001
00000001111000010
00000001111000011
00000001111000100
00000001111000101
00000001111000110
00000001111000111
00000001111001000
00000001111001001
00000001111001010
00000001111001011
00000001111001100
00000001111001101
00000001111001110
00000001111001111
00000001111010000
00000001111010001
00000001111010010
00000001111010011
00000001111010100
00000001111010101
00000001111010110
00000001111010111
00000001111011000
00000001111011001
00000001111011010
00000001111011011
00000001111011100
00000001111011101
00000001111011110
00000001111011111
00001000000000000
00001000000000001
00001000000000010
00001000000000011
00001000000000100
00001000000000101
00001000000000110
00001000000000111
00001000000001000
00001000000001001
00001000000001010
00001000000001011
00001000000001100
00001000000001101
00001000000001110
00001000000001111
00001000000010000
00001000000010001
00001000000010010
00001000000010011
00001000000010100
00001000000010101
00001000000010110
00001000000010111
00001000000011000
00001000000011001
00001000000011010
00001000000011011
00001000000011100
00001000000011101
00001000000011110
00001000000011111
00001000001000000
00001000001000001
00001000001000010
00001000001000011
00001000001000100
00001000001000101
00001000001000110
00001000001000111
00001000001001000
00001000001001001
00001000001001010
00001000001001011
00001000001001100
00001000001001101
00001000001001110
00001000001001111
00001000001010000
00001000001010001
00001000001010010
00001000001010011
00001000001010100
00001000001010101
00001000001010110
00001000001010111
00001000001011000
00001000001011001
00001000001011010
00001000001011011
00001000001011100
00001000001011101
00001000001011110
00001000001011111
00001000010000000
00001000010000001
00001000010000010
00001000010000011
00001000010000100
00001000010000101
00001000010000110
00001000010000111
00001000010001000
00001000010001001
00001000010001010
00001000010001011
00001000010001100
00001000010001101
00001000010001110
00001000010001111
00001000010010000
00001000010010001
00001000010010010
00001000010010011
00001000010010100
00001000010010101
00001000010010110
00001000010010111
00001000010011000
00001000010011001
00001000010011010
00001000010011011
00001000010011100
00001000010011101
00001000010011110
00001000010011111
00001000011000000
00001000011000001
00001000011000010
00001000011000011
00001000011000100
00001000011000101
00001000011000110
00001000011000111
00001000011001000
00001000011001001
00001000011001010
00001000011001011
00001000011001100
00001000011001101
00001000011001110
00001000011001111
00001000011010000
00001000011010001
00001000011010010
00001000011010011
00001000011010100
00001000011010101
00001000011010110
00001000011010111
00001000011011000
00001000011011001
00001000011011010
00001000011011011
00001000011011100
00001000011011101
00001000011011110
00001000011011111
00001000100000000
00001000100000001
00001000100000010
00001000100000011
00001000100000100
00001000100000101
00001000100000110
00001000100000111
00001000100001000
00001000100001001
00001000100001010
00001000100001011
00001000100001100
00001000100001101
00001000100001110
00001000100001111
00001000100010000
00001000100010001
00001000100010010
00001000100010011
00001000100010100
00001000100010101
00001000100010110
00001000100010111
00001000100011000
00001000100011001
00001000100011010
00001000100011011
00001000100011100
00001000100011101
00001000100011110
00001000100011111
00001000101000000
00001000101000001
00001000101000010
00001000101000011
00001000101000100
00001000101000101
00001000101000110
00001000101000111
00001000101001000
00001000101001001
00001000101001010
00001000101001011
00001000101001100
00001000101001101
00001000101001110
00001000101001111
00001000101010000
00001000101010001
00001000101010010
00001000101010011
00001000101010100
00001000101010101
00001000101010110
00001000101010111
00001000101011000
00001000101011001
00001000101011010
00001000101011011
00001000101011100
00001000101011101
00001000101011110
00001000101011111
00001000110000000
00001000110000001
00001000110000010
00001000110000011
00001000110000100
00001000110000101
00001000110000110
00001000110000111
00001000110001000
00001000110001001
00001000110001010
00001000110001011
00001000110001100
00001000110001101
00001000110001110
00001000110001111
00001000110010000
00001000110010001
00001000110010010
00001000110010011
00001000110010100
00001000110010101
00001000110010110
00001000110010111
00001000110011000
00001000110011001
00001000110011010
00001000110011011
00001000110011100
00001000110011101
00001000110011110
00001000110011111
00001000111000000
00001000111000001
00001000111000010
00001000111000011
00001000111000100
00001000111000101
00001000111000110
00001000111000111
00001000111001000
00001000111001001
00001000111001010
00001000111001011
00001000111001100
00001000111001101
00001000111001110
00001000111001111
00001000111010000
00001000111010001
00001000111010010
00001000111010011
00001000111010100
00001000111010101
00001000111010110
00001000111010111
00001000111011000
00001000111011001
00001000111011010
00001000111011011
00001000111011100
00001000111011101
00001000111011110
00001000111011111
00001001000000000
00001001000000001
00001001000000010
00001001000000011
00001001000000100
00001001000000101
00001001000000110
00001001000000111
00001001000001000
00001001000001001
00001001000001010
00001001000001011
00001001000001100
00001001000001101
00001001000001110
00001001000001111
00001001000010000
00001001000010001
00001001000010010
00001001000010011
00001001000010100
00001001000010101
00001001000010110
00001001000010111
00001001000011000
00001001000011001
00001001000011010
00001001000011011
00001001000011100
00001001000011101
00001001000011110
00001001000011111
00001001001000000
00001001001000001
00001001001000010
00001001001000011
00001001001000100
00001001001000101
00001001001000110
00001001001000111
00001001001001000
00001001001001001
00001001001001010
00001001001001011
00001001001001100
00001001001001101
00001001001001110
00001001001001111
00001001001010000
00001001001010001
00001001001010010
00001001001010011
00001001001010100
00001001001010101
00001001001010110
00001001001010111
00001001001011000
00001001001011001
00001001001011010
00001001001011011
00001001001011100
00001001001011101
00001001001011110
00001001001011111
00001001010000000
00001001010000001
00001001010000010
00001001010000011
00001001010000100
00001001010000101
00001001010000110
00001001010000111
00001001010001000
00001001010001001
00001001010001010
00001001010001011
00001001010001100
00001001010001101
00001001010001110
00001001010001111
00001001010010000
00001001010010001
00001001010010010
00001001010010011
00001001010010100
00001001010010101
00001001010010110
00001001010010111
00001001010011000
00001001010011001
00001001010011010
00001001010011011
00001001010011100
00001001010011101
00001001010011110
00001001010011111
00001001011000000
00001001011000001
00001001011000010
00001001011000011
00001001011000100
00001001011000101
00001001011000110
00001001011000111
00001001011001000
00001001011001001
00001001011001010
00001001011001011
00001001011001100
00001001011001101
00001001011001110
00001001011001111
00001001011010000
00001001011010001
00001001011010010
00001001011010011
00001001011010100
00001001011010101
00001001011010110
00001001011010111
00001001011011000
00001001011011001
00001001011011010
00001001011011011
00001001011011100
00001001011011101
00001001011011110
00001001011011111
00001001100000000
00001001100000001
00001001100000010
00001001100000011
00001001100000100
00001001100000101
00001001100000110
00001001100000111
00001001100001000
00001001100001001
00001001100001010
00001001100001011
00001001100001100
00001001100001101
00001001100001110
00001001100001111
00001001100010000
00001001100010001
00001001100010010
00001001100010011
00001001100010100
00001001100010101
00001001100010110
00001001100010111
00001001100011000
00001001100011001
00001001100011010
00001001100011011
00001001100011100
00001001100011101
00001001100011110
00001001100011111
00001001101000000
00001001101000001
00001001101000010
00001001101000011
00001001101000100
00001001101000101
00001001101000110
00001001101000111
00001001101001000
00001001101001001
00001001101001010
00001001101001011
00001001101001100
00001001101001101
00001001101001110
00001001101001111
00001001101010000
00001001101010001
00001001101010010
00001001101010011
00001001101010100
00001001101010101
00001001101010110
00001001101010111
00001001101011000
00001001101011001
00001001101011010
00001001101011011
00001001101011100
00001001101011101
00001001101011110
00001001101011111
00001001110000000
00001001110000001
00001001110000010
00001001110000011
00001001110000100
00001001110000101
00001001110000110
00001001110000111
00001001110001000
00001001110001001
00001001110001010
00001001110001011
00001001110001100
00001001110001101
00001001110001110
00001001110001111
00001001110010000
00001001110010001
00001001110010010
00001001110010011
00001001110010100
00001001110010101
00001001110010110
00001001110010111
00001001110011000
00001001110011001
00001001110011010
00001001110011011
00001001110011100
00001001110011101
00001001110011110
00001001110011111
00001001111000000
00001001111000001
00001001111000010
00001001111000011
00001001111000100
00001001111000101
00001001111000110
00001001111000111
00001001111001000
00001001111001001
00001001111001010
00001001111001011
00001001111001100
00001001111001101
00001001111001110
00001001111001111
00001001111010000
00001001111010001
00001001111010010
00001001111010011
00001001111010100
00001001111010101
00001001111010110
00001001111010111
00001001111011000
00001001111011001
00001001111011010
00001001111011011
00001001111011100
00001001111011101
00001001111011110
00001001111011111
00010000000000000
00010000000000001
00010000000000010
00010000000000011
00010000000000100
00010000000000101
00010000000000110
00010000000000111
00010000000001000
00010000000001001
00010000000001010
00010000000001011
00010000000001100
00010000000001101
00010000000001110
00010000000001111
00010000000010000
00010000000010001
00010000000010010
00010000000010011
00010000000010100
00010000000010101
00010000000010110
00010000000010111
00010000000011000
00010000000011001
00010000000011010
00010000000011011
00010000000011100
00010000000011101
00010000000011110
00010000000011111
00010000001000000
00010000001000001
00010000001000010
00010000001000011
00010000001000100
00010000001000101
00010000001000110
00010000001000111
00010000001001000
00010000001001001
00010000001001010
00010000001001011
00010000001001100
00010000001001101
00010000001001110
00010000001001111
00010000001010000
00010000001010001
00010000001010010
00010000001010011
00010000001010100
00010000001010101
00010000001010110
00010000001010111
00010000001011000
00010000001011001
00010000001011010
00010000001011011
00010000001011100
00010000001011101
00010000001011110
00010000001011111
00010000010000000
00010000010000001
00010000010000010
00010000010000011
00010000010000100
00010000010000101
00010000010000110
00010000010000111
00010000010001000
00010000010001001
00010000010001010
00010000010001011
00010000010001100
00010000010001101
00010000010001110
00010000010001111
00010000010010000
00010000010010001
00010000010010010
00010000010010011
00010000010010100
00010000010010101
00010000010010110
00010000010010111
00010000010011000
00010000010011001
00010000010011010
00010000010011011
00010000010011100
00010000010011101
00010000010011110
00010000010011111
00010000011000000
00010000011000001
00010000011000010
00010000011000011
00010000011000100
00010000011000101
00010000011000110
00010000011000111
00010000011001000
00010000011001001
00010000011001010
00010000011001011
00010000011001100
00010000011001101
00010000011001110
00010000011001111
00010000011010000
00010000011010001
00010000011010010
00010000011010011
00010000011010100
00010000011010101
00010000011010110
00010000011010111
00010000011011000
00010000011011001
00010000011011010
00010000011011011
00010000011011100
00010000011011101
00010000011011110
00010000011011111
00010000100000000
00010000100000001
00010000100000010
00010000100000011
00010000100000100
00010000100000101
00010000100000110
00010000100000111
00010000100001000
00010000100001001
00010000100001010
00010000100001011
00010000100001100
00010000100001101
00010000100001110
00010000100001111
00010000100010000
00010000100010001
00010000100010010
00010000100010011
00010000100010100
00010000100010101
00010000100010110
00010000100010111
00010000100011000
00010000100011001
00010000100011010
00010000100011011
00010000100011100
00010000100011101
00010000100011110
00010000100011111
00010000101000000
00010000101000001
00010000101000010
00010000101000011
00010000101000100
00010000101000101
00010000101000110
00010000101000111
00010000101001000
00010000101001001
00010000101001010
00010000101001011
00010000101001100
00010000101001101
00010000101001110
00010000101001111
00010000101010000
00010000101010001
00010000101010010
00010000101010011
00010000101010100
00010000101010101
00010000101010110
00010000101010111
00010000101011000
00010000101011001
00010000101011010
00010000101011011
00010000101011100
00010000101011101
00010000101011110
00010000101011111
00010000110000000
00010000110000001
00010000110000010
00010000110000011
00010000110000100
00010000110000101
00010000110000110
00010000110000111
00010000110001000
00010000110001001
00010000110001010
00010000110001011
00010000110001100
00010000110001101
00010000110001110
00010000110001111
00010000110010000
00010000110010001
00010000110010010
00010000110010011
00010000110010100
00010000110010101
00010000110010110
00010000110010111
00010000110011000
00010000110011001
00010000110011010
00010000110011011
00010000110011100
00010000110011101
00010000110011110
00010000110011111
00010000111000000
00010000111000001
00010000111000010
00010000111000011
00010000111000100
00010000111000101
00010000111000110
00010000111000111
00010000111001000
00010000111001001
00010000111001010
00010000111001011
00010000111001100
00010000111001101
00010000111001110
00010000111001111
00010000111010000
00010000111010001
00010000111010010
00010000111010011
00010000111010100
00010000111010101
00010000111010110
00010000111010111
00010000111011000
00010000111011001
00010000111011010
00010000111011011
00010000111011100
00010000111011101
00010000111011110
00010000111011111
00010001000000000
00010001000000001
00010001000000010
00010001000000011
00010001000000100
00010001000000101
00010001000000110
00010001000000111
00010001000001000
00010001000001001
00010001000001010
00010001000001011
00010001000001100
00010001000001101
00010001000001110
00010001000001111
00010001000010000
00010001000010001
00010001000010010
00010001000010011
00010001000010100
00010001000010101
00010001000010110
00010001000010111
00010001000011000
00010001000011001
00010001000011010
00010001000011011
00010001000011100
00010001000011101
00010001000011110
00010001000011111
00010001001000000
00010001001000001
00010001001000010
00010001001000011
00010001001000100
00010001001000101
00010001001000110
00010001001000111
00010001001001000
00010001001001001
00010001001001010
00010001001001011
00010001001001100
00010001001001101
00010001001001110
00010001001001111
00010001001010000
00010001001010001
00010001001010010
00010001001010011
00010001001010100
00010001001010101
00010001001010110
00010001001010111
00010001001011000
00010001001011001
00010001001011010
00010001001011011
00010001001011100
00010001001011101
00010001001011110
00010001001011111
00010001010000000
00010001010000001
00010001010000010
00010001010000011
00010001010000100
00010001010000101
00010001010000110
00010001010000111
00010001010001000
00010001010001001
00010001010001010
00010001010001011
00010001010001100
00010001010001101
00010001010001110
00010001010001111
00010001010010000
00010001010010001
00010001010010010
00010001010010011
00010001010010100
00010001010010101
00010001010010110
00010001010010111
00010001010011000
00010001010011001
00010001010011010
00010001010011011
00010001010011100
00010001010011101
00010001010011110
00010001010011111
00010001011000000
00010001011000001
00010001011000010
00010001011000011
00010001011000100
00010001011000101
00010001011000110
00010001011000111
00010001011001000
00010001011001001
00010001011001010
00010001011001011
00010001011001100
00010001011001101
00010001011001110
00010001011001111
00010001011010000
00010001011010001
00010001011010010
00010001011010011
00010001011010100
00010001011010101
00010001011010110
00010001011010111
00010001011011000
00010001011011001
00010001011011010
00010001011011011
00010001011011100
00010001011011101
00010001011011110
00010001011011111
00010001100000000
00010001100000001
00010001100000010
00010001100000011
00010001100000100
00010001100000101
00010001100000110
00010001100000111
00010001100001000
00010001100001001
00010001100001010
00010001100001011
00010001100001100
00010001100001101
00010001100001110
00010001100001111
00010001100010000
00010001100010001
00010001100010010
00010001100010011
00010001100010100
00010001100010101
00010001100010110
00010001100010111
00010001100011000
00010001100011001
00010001100011010
00010001100011011
00010001100011100
00010001100011101
00010001100011110
00010001100011111
00010001101000000
00010001101000001
00010001101000010
00010001101000011
00010001101000100
00010001101000101
00010001101000110
00010001101000111
00010001101001000
00010001101001001
00010001101001010
00010001101001011
00010001101001100
00010001101001101
00010001101001110
00010001101001111
00010001101010000
00010001101010001
00010001101010010
00010001101010011
00010001101010100
00010001101010101
00010001101010110
00010001101010111
00010001101011000
00010001101011001
00010001101011010
00010001101011011
00010001101011100
00010001101011101
00010001101011110
00010001101011111
00010001110000000
00010001110000001
00010001110000010
00010001110000011
00010001110000100
00010001110000101
00010001110000110
00010001110000111
00010001110001000
00010001110001001
00010001110001010
00010001110001011
00010001110001100
00010001110001101
00010001110001110
00010001110001111
00010001110010000
00010001110010001
00010001110010010
00010001110010011
00010001110010100
00010001110010101
00010001110010110
00010001110010111
00010001110011000
00010001110011001
00010001110011010
00010001110011011
00010001110011100
00010001110011101
00010001110011110
00010001110011111
00010001111000000
00010001111000001
00010001111000010
00010001111000011
00010001111000100
00010001111000101
00010001111000110
00010001111000111
00010001111001000
00010001111001001
00010001111001010
00010001111001011
00010001111001100
00010001111001101
00010001111001110
00010001111001111
00010001111010000
00010001111010001
00010001111010010
00010001111010011
00010001111010100
00010001111010101
00010001111010110
00010001111010111
00010001111011000
00010001111011001
00010001111011010
00010001111011011
00010001111011100
00010001111011101
00010001111011110
00010001111011111
00011000000000000
00011000000000001
00011000000000010
00011000000000011
00011000000000100
00011000000000101
00011000000000110
00011000000000111
00011000000001000
00011000000001001
00011000000001010
00011000000001011
00011000000001100
00011000000001101
00011000000001110
00011000000001111
00011000000010000
00011000000010001
00011000000010010
00011000000010011
00011000000010100
00011000000010101
00011000000010110
00011000000010111
00011000000011000
00011000000011001
00011000000011010
00011000000011011
00011000000011100
00011000000011101
00011000000011110
00011000000011111
00011000001000000
00011000001000001
00011000001000010
00011000001000011
00011000001000100
00011000001000101
00011000001000110
00011000001000111
00011000001001000
00011000001001001
00011000001001010
00011000001001011
00011000001001100
00011000001001101
00011000001001110
00011000001001111
00011000001010000
00011000001010001
00011000001010010
00011000001010011
00011000001010100
00011000001010101
00011000001010110
00011000001010111
00011000001011000
00011000001011001
00011000001011010
00011000001011011
00011000001011100
00011000001011101
00011000001011110
00011000001011111
00011000010000000
00011000010000001
00011000010000010
00011000010000011
00011000010000100
00011000010000101
00011000010000110
00011000010000111
00011000010001000
00011000010001001
00011000010001010
00011000010001011
00011000010001100
00011000010001101
00011000010001110
00011000010001111
00011000010010000
00011000010010001
00011000010010010
00011000010010011
00011000010010100
00011000010010101
00011000010010110
00011000010010111
00011000010011000
00011000010011001
00011000010011010
00011000010011011
00011000010011100
00011000010011101
00011000010011110
00011000010011111
00011000011000000
00011000011000001
00011000011000010
00011000011000011
00011000011000100
00011000011000101
00011000011000110
00011000011000111
00011000011001000
00011000011001001
00011000011001010
00011000011001011
00011000011001100
00011000011001101
00011000011001110
00011000011001111
00011000011010000
00011000011010001
00011000011010010
00011000011010011
00011000011010100
00011000011010101
00011000011010110
00011000011010111
00011000011011000
00011000011011001
00011000011011010
00011000011011011
00011000011011100
00011000011011101
00011000011011110
00011000011011111
00011000100000000
00011000100000001
00011000100000010
00011000100000011
00011000100000100
00011000100000101
00011000100000110
00011000100000111
00011000100001000
00011000100001001
00011000100001010
00011000100001011
00011000100001100
00011000100001101
00011000100001110
00011000100001111
00011000100010000
00011000100010001
00011000100010010
00011000100010011
00011000100010100
00011000100010101
00011000100010110
00011000100010111
00011000100011000
00011000100011001
00011000100011010
00011000100011011
00011000100011100
00011000100011101
00011000100011110
00011000100011111
00011000101000000
00011000101000001
00011000101000010
00011000101000011
00011000101000100
00011000101000101
00011000101000110
00011000101000111
00011000101001000
00011000101001001
00011000101001010
00011000101001011
00011000101001100
00011000101001101
00011000101001110
00011000101001111
00011000101010000
00011000101010001
00011000101010010
00011000101010011
00011000101010100
00011000101010101
00011000101010110
00011000101010111
00011000101011000
00011000101011001
00011000101011010
00011000101011011
00011000101011100
00011000101011101
00011000101011110
00011000101011111
00011000110000000
00011000110000001
00011000110000010
00011000110000011
00011000110000100
00011000110000101
00011000110000110
00011000110000111
00011000110001000
00011000110001001
00011000110001010
00011000110001011
00011000110001100
00011000110001101
00011000110001110
00011000110001111
00011000110010000
00011000110010001
00011000110010010
00011000110010011
00011000110010100
00011000110010101
00011000110010110
00011000110010111
00011000110011000
00011000110011001
00011000110011010
00011000110011011
00011000110011100
00011000110011101
00011000110011110
00011000110011111
00011000111000000
00011000111000001
00011000111000010
00011000111000011
00011000111000100
00011000111000101
00011000111000110
00011000111000111
00011000111001000
00011000111001001
00011000111001010
00011000111001011
00011000111001100
00011000111001101
00011000111001110
00011000111001111
00011000111010000
00011000111010001
00011000111010010
00011000111010011
00011000111010100
00011000111010101
00011000111010110
00011000111010111
00011000111011000
00011000111011001
00011000111011010
00011000111011011
00011000111011100
00011000111011101
00011000111011110
00011000111011111
00011001000000000
00011001000000001
00011001000000010
00011001000000011
00011001000000100
00011001000000101
00011001000000110
00011001000000111
00011001000001000
00011001000001001
00011001000001010
00011001000001011
00011001000001100
00011001000001101
00011001000001110
00011001000001111
00011001000010000
00011001000010001
00011001000010010
00011001000010011
00011001000010100
00011001000010101
00011001000010110
00011001000010111
00011001000011000
00011001000011001
00011001000011010
00011001000011011
00011001000011100
00011001000011101
00011001000011110
00011001000011111
00011001001000000
00011001001000001
00011001001000010
00011001001000011
00011001001000100
00011001001000101
00011001001000110
00011001001000111
00011001001001000
00011001001001001
00011001001001010
00011001001001011
00011001001001100
00011001001001101
00011001001001110
00011001001001111
00011001001010000
00011001001010001
00011001001010010
00011001001010011
00011001001010100
00011001001010101
00011001001010110
00011001001010111
00011001001011000
00011001001011001
00011001001011010
00011001001011011
00011001001011100
00011001001011101
00011001001011110
00011001001011111
00011001010000000
00011001010000001
00011001010000010
00011001010000011
00011001010000100
00011001010000101
00011001010000110
00011001010000111
00011001010001000
00011001010001001
00011001010001010
00011001010001011
00011001010001100
00011001010001101
00011001010001110
00011001010001111
00011001010010000
00011001010010001
00011001010010010
00011001010010011
00011001010010100
00011001010010101
00011001010010110
00011001010010111
00011001010011000
00011001010011001
00011001010011010
00011001010011011
00011001010011100
00011001010011101
00011001010011110
00011001010011111
00011001011000000
00011001011000001
00011001011000010
00011001011000011
00011001011000100
00011001011000101
00011001011000110
00011001011000111
00011001011001000
00011001011001001
00011001011001010
00011001011001011
00011001011001100
00011001011001101
00011001011001110
00011001011001111
00011001011010000
00011001011010001
00011001011010010
00011001011010011
00011001011010100
00011001011010101
00011001011010110
00011001011010111
00011001011011000
00011001011011001
00011001011011010
00011001011011011
00011001011011100
00011001011011101
00011001011011110
00011001011011111
00011001100000000
00011001100000001
00011001100000010
00011001100000011
00011001100000100
00011001100000101
00011001100000110
00011001100000111
00011001100001000
00011001100001001
00011001100001010
00011001100001011
00011001100001100
00011001100001101
00011001100001110
00011001100001111
00011001100010000
00011001100010001
00011001100010010
00011001100010011
00011001100010100
00011001100010101
00011001100010110
00011001100010111
00011001100011000
00011001100011001
00011001100011010
00011001100011011
00011001100011100
00011001100011101
00011001100011110
00011001100011111
00011001101000000
00011001101000001
00011001101000010
00011001101000011
00011001101000100
00011001101000101
00011001101000110
00011001101000111
00011001101001000
00011001101001001
00011001101001010
00011001101001011
00011001101001100
00011001101001101
00011001101001110
00011001101001111
00011001101010000
00011001101010001
00011001101010010
00011001101010011
00011001101010100
00011001101010101
00011001101010110
00011001101010111
00011001101011000
00011001101011001
00011001101011010
00011001101011011
00011001101011100
00011001101011101
00011001101011110
00011001101011111
00011001110000000
00011001110000001
00011001110000010
00011001110000011
00011001110000100
00011001110000101
00011001110000110
00011001110000111
00011001110001000
00011001110001001
00011001110001010
00011001110001011
00011001110001100
00011001110001101
00011001110001110
00011001110001111
00011001110010000
00011001110010001
00011001110010010
00011001110010011
00011001110010100
00011001110010101
00011001110010110
00011001110010111
00011001110011000
00011001110011001
00011001110011010
00011001110011011
00011001110011100
00011001110011101
00011001110011110
00011001110011111
00011001111000000
00011001111000001
00011001111000010
00011001111000011
00011001111000100
00011001111000101
00011001111000110
00011001111000111
00011001111001000
00011001111001001
00011001111001010
00011001111001011
00011001111001100
00011001111001101
00011001111001110
00011001111001111
00011001111010000
00011001111010001
00011001111010010
00011001111010011
00011001111010100
00011001111010101
00011001111010110
00011001111010111
00011001111011000
00011001111011001
00011001111011010
00011001111011011
00011001111011100
00011001111011101
00011001111011110
00011001111011111
