00000000000000000
00000000000000001
00000000000000010
00000000000000011
00000000000000100
00000000000000101
00000000000000110
00000000000000111
00000000000001000
00000000000001001
00000000000001010
00000000000001011
00000000000001100
00000000000001101
00000000000001110
00000000000001111
00000010000000000
00000010000000001
00000010000000010
00000010000000011
00000010000000100
00000010000000101
00000010000000110
00000010000000111
00000010000001000
00000010000001001
00000010000001010
00000010000001011
00000010000001100
00000010000001101
00000010000001110
00000010000001111
00000100000000000
00000100000000001
00000100000000010
00000100000000011
00000100000000100
00000100000000101
00000100000000110
00000100000000111
00000100000001000
00000100000001001
00000100000001010
00000100000001011
00000100000001100
00000100000001101
00000100000001110
00000100000001111
00000110000000000
00000110000000001
00000110000000010
00000110000000011
00000110000000100
00000110000000101
00000110000000110
00000110000000111
00000110000001000
00000110000001001
00000110000001010
00000110000001011
00000110000001100
00000110000001101
00000110000001110
00000110000001111
00001000000000000
00001000000000001
00001000000000010
00001000000000011
00001000000000100
00001000000000101
00001000000000110
00001000000000111
00001000000001000
00001000000001001
00001000000001010
00001000000001011
00001000000001100
00001000000001101
00001000000001110
00001000000001111
00001010000000000
00001010000000001
00001010000000010
00001010000000011
00001010000000100
00001010000000101
00001010000000110
00001010000000111
00001010000001000
00001010000001001
00001010000001010
00001010000001011
00001010000001100
00001010000001101
00001010000001110
00001010000001111
00001100000000000
00001100000000001
00001100000000010
00001100000000011
00001100000000100
00001100000000101
00001100000000110
00001100000000111
00001100000001000
00001100000001001
00001100000001010
00001100000001011
00001100000001100
00001100000001101
00001100000001110
00001100000001111
00001110000000000
00001110000000001
00001110000000010
00001110000000011
00001110000000100
00001110000000101
00001110000000110
00001110000000111
00001110000001000
00001110000001001
00001110000001010
00001110000001011
00001110000001100
00001110000001101
00001110000001110
00001110000001111
01000000000000000
01000000000000001
01000000000000010
01000000000000011
01000000000000100
01000000000000101
01000000000000110
01000000000000111
01000000000001000
01000000000001001
01000000000001010
01000000000001011
01000000000001100
01000000000001101
01000000000001110
01000000000001111
01000010000000000
01000010000000001
01000010000000010
01000010000000011
01000010000000100
01000010000000101
01000010000000110
01000010000000111
01000010000001000
01000010000001001
01000010000001010
01000010000001011
01000010000001100
01000010000001101
01000010000001110
01000010000001111
01000100000000000
01000100000000001
01000100000000010
01000100000000011
01000100000000100
01000100000000101
01000100000000110
01000100000000111
01000100000001000
01000100000001001
01000100000001010
01000100000001011
01000100000001100
01000100000001101
01000100000001110
01000100000001111
01000110000000000
01000110000000001
01000110000000010
01000110000000011
01000110000000100
01000110000000101
01000110000000110
01000110000000111
01000110000001000
01000110000001001
01000110000001010
01000110000001011
01000110000001100
01000110000001101
01000110000001110
01000110000001111
01001000000000000
01001000000000001
01001000000000010
01001000000000011
01001000000000100
01001000000000101
01001000000000110
01001000000000111
01001000000001000
01001000000001001
01001000000001010
01001000000001011
01001000000001100
01001000000001101
01001000000001110
01001000000001111
01001010000000000
01001010000000001
01001010000000010
01001010000000011
01001010000000100
01001010000000101
01001010000000110
01001010000000111
01001010000001000
01001010000001001
01001010000001010
01001010000001011
01001010000001100
01001010000001101
01001010000001110
01001010000001111
01001100000000000
01001100000000001
01001100000000010
01001100000000011
01001100000000100
01001100000000101
01001100000000110
01001100000000111
01001100000001000
01001100000001001
01001100000001010
01001100000001011
01001100000001100
01001100000001101
01001100000001110
01001100000001111
01001110000000000
01001110000000001
01001110000000010
01001110000000011
01001110000000100
01001110000000101
01001110000000110
01001110000000111
01001110000001000
01001110000001001
01001110000001010
01001110000001011
01001110000001100
01001110000001101
01001110000001110
01001110000001111
10000000000000000
10000000000000001
10000000000000010
10000000000000011
10000000000000100
10000000000000101
10000000000000110
10000000000000111
10000000000001000
10000000000001001
10000000000001010
10000000000001011
10000000000001100
10000000000001101
10000000000001110
10000000000001111
10000010000000000
10000010000000001
10000010000000010
10000010000000011
10000010000000100
10000010000000101
10000010000000110
10000010000000111
10000010000001000
10000010000001001
10000010000001010
10000010000001011
10000010000001100
10000010000001101
10000010000001110
10000010000001111
10000100000000000
10000100000000001
10000100000000010
10000100000000011
10000100000000100
10000100000000101
10000100000000110
10000100000000111
10000100000001000
10000100000001001
10000100000001010
10000100000001011
10000100000001100
10000100000001101
10000100000001110
10000100000001111
10000110000000000
10000110000000001
10000110000000010
10000110000000011
10000110000000100
10000110000000101
10000110000000110
10000110000000111
10000110000001000
10000110000001001
10000110000001010
10000110000001011
10000110000001100
10000110000001101
10000110000001110
10000110000001111
10001000000000000
10001000000000001
10001000000000010
10001000000000011
10001000000000100
10001000000000101
10001000000000110
10001000000000111
10001000000001000
10001000000001001
10001000000001010
10001000000001011
10001000000001100
10001000000001101
10001000000001110
10001000000001111
10001010000000000
10001010000000001
10001010000000010
10001010000000011
10001010000000100
10001010000000101
10001010000000110
10001010000000111
10001010000001000
10001010000001001
10001010000001010
10001010000001011
10001010000001100
10001010000001101
10001010000001110
10001010000001111
10001100000000000
10001100000000001
10001100000000010
10001100000000011
10001100000000100
10001100000000101
10001100000000110
10001100000000111
10001100000001000
10001100000001001
10001100000001010
10001100000001011
10001100000001100
10001100000001101
10001100000001110
10001100000001111
10001110000000000
10001110000000001
10001110000000010
10001110000000011
10001110000000100
10001110000000101
10001110000000110
10001110000000111
10001110000001000
10001110000001001
10001110000001010
10001110000001011
10001110000001100
10001110000001101
10001110000001110
10001110000001111
11000000000000000
11000000000000001
11000000000000010
11000000000000011
11000000000000100
11000000000000101
11000000000000110
11000000000000111
11000000000001000
11000000000001001
11000000000001010
11000000000001011
11000000000001100
11000000000001101
11000000000001110
11000000000001111
11000010000000000
11000010000000001
11000010000000010
11000010000000011
11000010000000100
11000010000000101
11000010000000110
11000010000000111
11000010000001000
11000010000001001
11000010000001010
11000010000001011
11000010000001100
11000010000001101
11000010000001110
11000010000001111
11000100000000000
11000100000000001
11000100000000010
11000100000000011
11000100000000100
11000100000000101
11000100000000110
11000100000000111
11000100000001000
11000100000001001
11000100000001010
11000100000001011
11000100000001100
11000100000001101
11000100000001110
11000100000001111
11000110000000000
11000110000000001
11000110000000010
11000110000000011
11000110000000100
11000110000000101
11000110000000110
11000110000000111
11000110000001000
11000110000001001
11000110000001010
11000110000001011
11000110000001100
11000110000001101
11000110000001110
11000110000001111
11001000000000000
11001000000000001
11001000000000010
11001000000000011
11001000000000100
11001000000000101
11001000000000110
11001000000000111
11001000000001000
11001000000001001
11001000000001010
11001000000001011
11001000000001100
11001000000001101
11001000000001110
11001000000001111
11001010000000000
11001010000000001
11001010000000010
11001010000000011
11001010000000100
11001010000000101
11001010000000110
11001010000000111
11001010000001000
11001010000001001
11001010000001010
11001010000001011
11001010000001100
11001010000001101
11001010000001110
11001010000001111
11001100000000000
11001100000000001
11001100000000010
11001100000000011
11001100000000100
11001100000000101
11001100000000110
11001100000000111
11001100000001000
11001100000001001
11001100000001010
11001100000001011
11001100000001100
11001100000001101
11001100000001110
11001100000001111
11001110000000000
11001110000000001
11001110000000010
11001110000000011
11001110000000100
11001110000000101
11001110000000110
11001110000000111
11001110000001000
11001110000001001
11001110000001010
11001110000001011
11001110000001100
11001110000001101
11001110000001110
11001110000001111
