00000000000000000
00000000000000001
00000000000000010
00000000000000011
00000000000000100
00000000000000101
00000000000000110
00000000000000111
00000000000001000
00000000000001001
00000000000001010
00000000000001011
00000000000001100
00000000000001101
00000000000001110
00000000000010000
00000000000010001
00000000000010010
00000000000010011
00000000000010100
00000000000010101
00000000000010110
00000000000011000
00000000000011001
00000000000011010
00000000000011100
00000000000100000
00000000000100001
00000000000100010
00000000000100011
00000000000100100
00000000000100101
00000000000100110
00000000000101000
00000000000101001
00000000000101010
00000000000101100
00000000000110000
00000000000110001
00000000000110010
00000000000110100
00000000000111000
00000000001000000
00000000001000001
00000000001000010
00000000001000011
00000000001000100
00000000001000101
00000000001000110
00000000001001000
00000000001001001
00000000001001010
00000000001001100
00000000001010000
00000000001010001
00000000001010010
00000000001010100
00000000001011000
00000000001100000
00000000001100001
00000000001100010
00000000001100100
00000000001101000
00000000001110000
00000000010000000
00000000010000001
00000000010000010
00000000010000011
00000000010000100
00000000010000101
00000000010000110
00000000010001000
00000000010001001
00000000010001010
00000000010001100
00000000010010000
00000000010010001
00000000010010010
00000000010010100
00000000010011000
00000000010100000
00000000010100001
00000000010100010
00000000010100100
00000000010101000
00000000010110000
00000000011000000
00000000011000001
00000000011000010
00000000011000100
00000000011001000
00000000011010000
00000000011100000
00000000100000000
00000000100000001
00000000100000010
00000000100000011
00000000100000100
00000000100000101
00000000100000110
00000000100001000
00000000100001001
00000000100001010
00000000100001100
00000000100010000
00000000100010001
00000000100010010
00000000100010100
00000000100011000
00000000100100000
00000000100100001
00000000100100010
00000000100100100
00000000100101000
00000000100110000
00000000101000000
00000000101000001
00000000101000010
00000000101000100
00000000101001000
00000000101010000
00000000101100000
00000000110000000
00000000110000001
00000000110000010
00000000110000100
00000000110001000
00000000110010000
00000000110100000
00000000111000000
00000001000000000
00000001000000001
00000001000000010
00000001000000011
00000001000000100
00000001000000101
00000001000000110
00000001000001000
00000001000001001
00000001000001010
00000001000001100
00000001000010000
00000001000010001
00000001000010010
00000001000010100
00000001000011000
00000001000100000
00000001000100001
00000001000100010
00000001000100100
00000001000101000
00000001000110000
00000001001000000
00000001001000001
00000001001000010
00000001001000100
00000001001001000
00000001001010000
00000001001100000
00000001010000000
00000001010000001
00000001010000010
00000001010000100
00000001010001000
00000001010010000
00000001010100000
00000001011000000
00000001100000000
00000001100000001
00000001100000010
00000001100000100
00000001100001000
00000001100010000
00000001100100000
00000001101000000
00000001110000000
10000000000000000
10000000000000001
10000000000000010
10000000000000011
10000000000000100
10000000000000101
10000000000000110
10000000000001000
10000000000001001
10000000000001010
10000000000001100
10000000000010000
10000000000010001
10000000000010010
10000000000010100
10000000000011000
10000000000100000
10000000000100001
10000000000100010
10000000000100100
10000000000101000
10000000000110000
10000000001000000
10000000001000001
10000000001000010
10000000001000100
10000000001001000
10000000001010000
10000000001100000
10000000010000000
10000000010000001
10000000010000010
10000000010000100
10000000010001000
10000000010010000
10000000010100000
10000000011000000
10000000100000000
10000000100000001
10000000100000010
10000000100000100
10000000100001000
10000000100010000
10000000100100000
10000000101000000
10000000110000000
10000001000000000
10000001000000001
10000001000000010
10000001000000100
10000001000001000
10000001000010000
10000001000100000
10000001001000000
10000001010000000
10000001100000000
