00000000000000000
00000000010000000
00000000100000000
00000000110000000
00000001000000000
00000001010000000
00000001100000000
00000001110000000
00000010000000000
00000010010000000
00000010100000000
00000010110000000
00000011000000000
00000011010000000
00000011100000000
00000100000000000
00000100010000000
00000100100000000
00000100110000000
00000101000000000
00000101010000000
00000101100000000
00000110000000000
00000110010000000
00000110100000000
00000111000000000
00001000000000000
00001000010000000
00001000100000000
00001000110000000
00001001000000000
00001001010000000
00001001100000000
00001010000000000
00001010010000000
00001010100000000
00001011000000000
00001100000000000
00001100010000000
00001100100000000
00001101000000000
00001110000000000
00010000000000000
00010000010000000
00010000100000000
00010000110000000
00010001000000000
00010001010000000
00010001100000000
00010010000000000
00010010010000000
00010010100000000
00010011000000000
00010100000000000
00010100010000000
00010100100000000
00010101000000000
00010110000000000
00011000000000000
00011000010000000
00011000100000000
00011001000000000
00011010000000000
00011100000000000
00100000000000000
00100000010000000
00100000100000000
00100000110000000
00100001000000000
00100001010000000
00100001100000000
00100010000000000
00100010010000000
00100010100000000
00100011000000000
00100100000000000
00100100010000000
00100100100000000
00100101000000000
00100110000000000
00101000000000000
00101000010000000
00101000100000000
00101001000000000
00101010000000000
00101100000000000
00110000000000000
00110000010000000
00110000100000000
00110001000000000
00110010000000000
00110100000000000
00111000000000000
10000000000000000
10000000010000000
10000000100000000
10000000110000000
10000001000000000
10000001010000000
10000001100000000
10000010000000000
10000010010000000
10000010100000000
10000011000000000
10000100000000000
10000100010000000
10000100100000000
10000101000000000
10000110000000000
10001000000000000
10001000010000000
10001000100000000
10001001000000000
10001010000000000
10001100000000000
10010000000000000
10010000010000000
10010000100000000
10010001000000000
10010010000000000
10010100000000000
10011000000000000
10100000000000000
10100000010000000
10100000100000000
10100001000000000
10100010000000000
10100100000000000
10101000000000000
10110000000000000
