00000000000000000
00000000000000001
00000000000000010
00000000000000011
00000000000000100
00000000000000101
00000000000000110
00000000000000111
00000000000001000
00000000000001001
00000000000001010
00000000000001011
00000000000001100
00000000000001101
00000000000001110
00000000000010000
00000000000010001
00000000000010010
00000000000010011
00000000000010100
00000000000010101
00000000000010110
00000000000011000
00000000000011001
00000000000011010
00000000000011100
00000000000100000
00000000000100001
00000000000100010
00000000000100011
00000000000100100
00000000000100101
00000000000100110
00000000000101000
00000000000101001
00000000000101010
00000000000101100
00000000000110000
00000000000110001
00000000000110010
00000000000110100
00000000000111000
00000000001000000
00000000001000001
00000000001000010
00000000001000011
00000000001000100
00000000001000101
00000000001000110
00000000001001000
00000000001001001
00000000001001010
00000000001001100
00000000001010000
00000000001010001
00000000001010010
00000000001010100
00000000001011000
00000000001100000
00000000001100001
00000000001100010
00000000001100100
00000000001101000
00000000001110000
