00000000000000000
00000000000000100
00000000000001000
00000000000001100
00000000000010000
00000000000010100
00000000000011000
00000000000011100
00000000000100000
00000000000100100
00000000000101000
00000000000101100
00000000000110000
00000000000110100
00000000000111000
00000000001000000
00000000001000100
00000000001001000
00000000001001100
00000000001010000
00000000001010100
00000000001011000
00000000001100000
00000000001100100
00000000001101000
00000000001110000
00000000010000000
00000000010000100
00000000010001000
00000000010001100
00000000010010000
00000000010010100
00000000010011000
00000000010100000
00000000010100100
00000000010101000
00000000010110000
00000000011000000
00000000011000100
00000000011001000
00000000011010000
00000000011100000
00000000100000000
00000000100000100
00000000100001000
00000000100001100
00000000100010000
00000000100010100
00000000100011000
00000000100100000
00000000100100100
00000000100101000
00000000100110000
00000000101000000
00000000101000100
00000000101001000
00000000101010000
00000000101100000
00000000110000000
00000000110000100
00000000110001000
00000000110010000
00000000110100000
00000000111000000
00000010000000000
00000010000000100
00000010000001000
00000010000001100
00000010000010000
00000010000010100
00000010000011000
00000010000100000
00000010000100100
00000010000101000
00000010000110000
00000010001000000
00000010001000100
00000010001001000
00000010001010000
00000010001100000
00000010010000000
00000010010000100
00000010010001000
00000010010010000
00000010010100000
00000010011000000
00000010100000000
00000010100000100
00000010100001000
00000010100010000
00000010100100000
00000010101000000
00000010110000000
00000100000000000
00000100000000100
00000100000001000
00000100000001100
00000100000010000
00000100000010100
00000100000011000
00000100000100000
00000100000100100
00000100000101000
00000100000110000
00000100001000000
00000100001000100
00000100001001000
00000100001010000
00000100001100000
00000100010000000
00000100010000100
00000100010001000
00000100010010000
00000100010100000
00000100011000000
00000100100000000
00000100100000100
00000100100001000
00000100100010000
00000100100100000
00000100101000000
00000100110000000
00000110000000000
00000110000000100
00000110000001000
00000110000010000
00000110000100000
00000110001000000
00000110010000000
00000110100000000
00001000000000000
00001000000000100
00001000000001000
00001000000001100
00001000000010000
00001000000010100
00001000000011000
00001000000100000
00001000000100100
00001000000101000
00001000000110000
00001000001000000
00001000001000100
00001000001001000
00001000001010000
00001000001100000
00001000010000000
00001000010000100
00001000010001000
00001000010010000
00001000010100000
00001000011000000
00001000100000000
00001000100000100
00001000100001000
00001000100010000
00001000100100000
00001000101000000
00001000110000000
00001010000000000
00001010000000100
00001010000001000
00001010000010000
00001010000100000
00001010001000000
00001010010000000
00001010100000000
00001100000000000
00001100000000100
00001100000001000
00001100000010000
00001100000100000
00001100001000000
00001100010000000
00001100100000000
00001110000000000
00010000000000000
00010000000000100
00010000000001000
00010000000001100
00010000000010000
00010000000010100
00010000000011000
00010000000100000
00010000000100100
00010000000101000
00010000000110000
00010000001000000
00010000001000100
00010000001001000
00010000001010000
00010000001100000
00010000010000000
00010000010000100
00010000010001000
00010000010010000
00010000010100000
00010000011000000
00010000100000000
00010000100000100
00010000100001000
00010000100010000
00010000100100000
00010000101000000
00010000110000000
00010010000000000
00010010000000100
00010010000001000
00010010000010000
00010010000100000
00010010001000000
00010010010000000
00010010100000000
00010100000000000
00010100000000100
00010100000001000
00010100000010000
00010100000100000
00010100001000000
00010100010000000
00010100100000000
00010110000000000
00011000000000000
00011000000000100
00011000000001000
00011000000010000
00011000000100000
00011000001000000
00011000010000000
00011000100000000
00011010000000000
00011100000000000
