00000000000000000
00000000000000001
00000000000000010
00000000000000011
00000000000010000
00000000000010001
00000000000010010
00000000000010011
00000000000100000
00000000000100001
00000000000100010
00000000000100011
00000000000110000
00000000000110001
00000000000110010
00000000001000000
00000000001000001
00000000001000010
00000000001000011
00000000001010000
00000000001010001
00000000001010010
00000000001100000
00000000001100001
00000000001100010
00000000001110000
00000000010000000
00000000010000001
00000000010000010
00000000010000011
00000000010010000
00000000010010001
00000000010010010
00000000010100000
00000000010100001
00000000010100010
00000000010110000
00000000011000000
00000000011000001
00000000011000010
00000000011010000
00000000011100000
00000000100000000
00000000100000001
00000000100000010
00000000100000011
00000000100010000
00000000100010001
00000000100010010
00000000100100000
00000000100100001
00000000100100010
00000000100110000
00000000101000000
00000000101000001
00000000101000010
00000000101010000
00000000101100000
00000000110000000
00000000110000001
00000000110000010
00000000110010000
00000000110100000
00000000111000000
00000001000000000
00000001000000001
00000001000000010
00000001000000011
00000001000010000
00000001000010001
00000001000010010
00000001000100000
00000001000100001
00000001000100010
00000001000110000
00000001001000000
00000001001000001
00000001001000010
00000001001010000
00000001001100000
00000001010000000
00000001010000001
00000001010000010
00000001010010000
00000001010100000
00000001011000000
00000001100000000
00000001100000001
00000001100000010
00000001100010000
00000001100100000
00000001101000000
00000001110000000
00000010000000000
00000010000000001
00000010000000010
00000010000000011
00000010000010000
00000010000010001
00000010000010010
00000010000100000
00000010000100001
00000010000100010
00000010000110000
00000010001000000
00000010001000001
00000010001000010
00000010001010000
00000010001100000
00000010010000000
00000010010000001
00000010010000010
00000010010010000
00000010010100000
00000010011000000
00000010100000000
00000010100000001
00000010100000010
00000010100010000
00000010100100000
00000010101000000
00000010110000000
00000011000000000
00000011000000001
00000011000000010
00000011000010000
00000011000100000
00000011001000000
00000011010000000
00000011100000000
00000100000000000
00000100000000001
00000100000000010
00000100000000011
00000100000010000
00000100000010001
00000100000010010
00000100000100000
00000100000100001
00000100000100010
00000100000110000
00000100001000000
00000100001000001
00000100001000010
00000100001010000
00000100001100000
00000100010000000
00000100010000001
00000100010000010
00000100010010000
00000100010100000
00000100011000000
00000100100000000
00000100100000001
00000100100000010
00000100100010000
00000100100100000
00000100101000000
00000100110000000
00000101000000000
00000101000000001
00000101000000010
00000101000010000
00000101000100000
00000101001000000
00000101010000000
00000101100000000
00000110000000000
00000110000000001
00000110000000010
00000110000010000
00000110000100000
00000110001000000
00000110010000000
00000110100000000
00000111000000000
00010000000000000
00010000000000001
00010000000000010
00010000000000011
00010000000010000
00010000000010001
00010000000010010
00010000000100000
00010000000100001
00010000000100010
00010000000110000
00010000001000000
00010000001000001
00010000001000010
00010000001010000
00010000001100000
00010000010000000
00010000010000001
00010000010000010
00010000010010000
00010000010100000
00010000011000000
00010000100000000
00010000100000001
00010000100000010
00010000100010000
00010000100100000
00010000101000000
00010000110000000
00010001000000000
00010001000000001
00010001000000010
00010001000010000
00010001000100000
00010001001000000
00010001010000000
00010001100000000
00010010000000000
00010010000000001
00010010000000010
00010010000010000
00010010000100000
00010010001000000
00010010010000000
00010010100000000
00010011000000000
00010100000000000
00010100000000001
00010100000000010
00010100000010000
00010100000100000
00010100001000000
00010100010000000
00010100100000000
00010101000000000
00010110000000000
00100000000000000
00100000000000001
00100000000000010
00100000000000011
00100000000010000
00100000000010001
00100000000010010
00100000000100000
00100000000100001
00100000000100010
00100000000110000
00100000001000000
00100000001000001
00100000001000010
00100000001010000
00100000001100000
00100000010000000
00100000010000001
00100000010000010
00100000010010000
00100000010100000
00100000011000000
00100000100000000
00100000100000001
00100000100000010
00100000100010000
00100000100100000
00100000101000000
00100000110000000
00100001000000000
00100001000000001
00100001000000010
00100001000010000
00100001000100000
00100001001000000
00100001010000000
00100001100000000
00100010000000000
00100010000000001
00100010000000010
00100010000010000
00100010000100000
00100010001000000
00100010010000000
00100010100000000
00100011000000000
00100100000000000
00100100000000001
00100100000000010
00100100000010000
00100100000100000
00100100001000000
00100100010000000
00100100100000000
00100101000000000
00100110000000000
00110000000000000
00110000000000001
00110000000000010
00110000000010000
00110000000100000
00110000001000000
00110000010000000
00110000100000000
00110001000000000
00110010000000000
00110100000000000
01000000000000000
01000000000000001
01000000000000010
01000000000000011
01000000000010000
01000000000010001
01000000000010010
01000000000100000
01000000000100001
01000000000100010
01000000000110000
01000000001000000
01000000001000001
01000000001000010
01000000001010000
01000000001100000
01000000010000000
01000000010000001
01000000010000010
01000000010010000
01000000010100000
01000000011000000
01000000100000000
01000000100000001
01000000100000010
01000000100010000
01000000100100000
01000000101000000
01000000110000000
01000001000000000
01000001000000001
01000001000000010
01000001000010000
01000001000100000
01000001001000000
01000001010000000
01000001100000000
01000010000000000
01000010000000001
01000010000000010
01000010000010000
01000010000100000
01000010001000000
01000010010000000
01000010100000000
01000011000000000
01000100000000000
01000100000000001
01000100000000010
01000100000010000
01000100000100000
01000100001000000
01000100010000000
01000100100000000
01000101000000000
01000110000000000
01010000000000000
01010000000000001
01010000000000010
01010000000010000
01010000000100000
01010000001000000
01010000010000000
01010000100000000
01010001000000000
01010010000000000
01010100000000000
01100000000000000
01100000000000001
01100000000000010
01100000000010000
01100000000100000
01100000001000000
01100000010000000
01100000100000000
01100001000000000
01100010000000000
01100100000000000
01110000000000000
10000000000000000
10000000000000001
10000000000000010
10000000000000011
10000000000010000
10000000000010001
10000000000010010
10000000000100000
10000000000100001
10000000000100010
10000000000110000
10000000001000000
10000000001000001
10000000001000010
10000000001010000
10000000001100000
10000000010000000
10000000010000001
10000000010000010
10000000010010000
10000000010100000
10000000011000000
10000000100000000
10000000100000001
10000000100000010
10000000100010000
10000000100100000
10000000101000000
10000000110000000
10000001000000000
10000001000000001
10000001000000010
10000001000010000
10000001000100000
10000001001000000
10000001010000000
10000001100000000
10000010000000000
10000010000000001
10000010000000010
10000010000010000
10000010000100000
10000010001000000
10000010010000000
10000010100000000
10000011000000000
10000100000000000
10000100000000001
10000100000000010
10000100000010000
10000100000100000
10000100001000000
10000100010000000
10000100100000000
10000101000000000
10000110000000000
10010000000000000
10010000000000001
10010000000000010
10010000000010000
10010000000100000
10010000001000000
10010000010000000
10010000100000000
10010001000000000
10010010000000000
10010100000000000
10100000000000000
10100000000000001
10100000000000010
10100000000010000
10100000000100000
10100000001000000
10100000010000000
10100000100000000
10100001000000000
10100010000000000
10100100000000000
10110000000000000
11000000000000000
11000000000000001
11000000000000010
11000000000010000
11000000000100000
11000000001000000
11000000010000000
11000000100000000
11000001000000000
11000010000000000
11000100000000000
11010000000000000
11100000000000000
