00000000000000000
00000000000000001
00000000000000010
00000000000000011
00000000000000100
00000000000000101
00000000000000110
00000000000000111
00000000000001000
00000000000001001
00000000000001010
00000000000001011
00000000000001100
00000000000001101
00000000000001110
00000000000010000
00000000000010001
00000000000010010
00000000000010011
00000000000010100
00000000000010101
00000000000010110
00000000000011000
00000000000011001
00000000000011010
00000000000011100
00000000001000000
00000000001000001
00000000001000010
00000000001000011
00000000001000100
00000000001000101
00000000001000110
00000000001001000
00000000001001001
00000000001001010
00000000001001100
00000000001010000
00000000001010001
00000000001010010
00000000001010100
00000000001011000
00000000010000000
00000000010000001
00000000010000010
00000000010000011
00000000010000100
00000000010000101
00000000010000110
00000000010001000
00000000010001001
00000000010001010
00000000010001100
00000000010010000
00000000010010001
00000000010010010
00000000010010100
00000000010011000
00000000011000000
00000000011000001
00000000011000010
00000000011000100
00000000011001000
00000000011010000
00000000100000000
00000000100000001
00000000100000010
00000000100000011
00000000100000100
00000000100000101
00000000100000110
00000000100001000
00000000100001001
00000000100001010
00000000100001100
00000000100010000
00000000100010001
00000000100010010
00000000100010100
00000000100011000
00000000101000000
00000000101000001
00000000101000010
00000000101000100
00000000101001000
00000000101010000
00000000110000000
00000000110000001
00000000110000010
00000000110000100
00000000110001000
00000000110010000
00000000111000000
00000001000000000
00000001000000001
00000001000000010
00000001000000011
00000001000000100
00000001000000101
00000001000000110
00000001000001000
00000001000001001
00000001000001010
00000001000001100
00000001000010000
00000001000010001
00000001000010010
00000001000010100
00000001000011000
00000001001000000
00000001001000001
00000001001000010
00000001001000100
00000001001001000
00000001001010000
00000001010000000
00000001010000001
00000001010000010
00000001010000100
00000001010001000
00000001010010000
00000001011000000
00000001100000000
00000001100000001
00000001100000010
00000001100000100
00000001100001000
00000001100010000
00000001101000000
00000001110000000
00001000000000000
00001000000000001
00001000000000010
00001000000000011
00001000000000100
00001000000000101
00001000000000110
00001000000001000
00001000000001001
00001000000001010
00001000000001100
00001000000010000
00001000000010001
00001000000010010
00001000000010100
00001000000011000
00001000001000000
00001000001000001
00001000001000010
00001000001000100
00001000001001000
00001000001010000
00001000010000000
00001000010000001
00001000010000010
00001000010000100
00001000010001000
00001000010010000
00001000011000000
00001000100000000
00001000100000001
00001000100000010
00001000100000100
00001000100001000
00001000100010000
00001000101000000
00001000110000000
00001001000000000
00001001000000001
00001001000000010
00001001000000100
00001001000001000
00001001000010000
00001001001000000
00001001010000000
00001001100000000
00010000000000000
00010000000000001
00010000000000010
00010000000000011
00010000000000100
00010000000000101
00010000000000110
00010000000001000
00010000000001001
00010000000001010
00010000000001100
00010000000010000
00010000000010001
00010000000010010
00010000000010100
00010000000011000
00010000001000000
00010000001000001
00010000001000010
00010000001000100
00010000001001000
00010000001010000
00010000010000000
00010000010000001
00010000010000010
00010000010000100
00010000010001000
00010000010010000
00010000011000000
00010000100000000
00010000100000001
00010000100000010
00010000100000100
00010000100001000
00010000100010000
00010000101000000
00010000110000000
00010001000000000
00010001000000001
00010001000000010
00010001000000100
00010001000001000
00010001000010000
00010001001000000
00010001010000000
00010001100000000
00011000000000000
00011000000000001
00011000000000010
00011000000000100
00011000000001000
00011000000010000
00011000001000000
00011000010000000
00011000100000000
00011001000000000
00100000000000000
00100000000000001
00100000000000010
00100000000000011
00100000000000100
00100000000000101
00100000000000110
00100000000001000
00100000000001001
00100000000001010
00100000000001100
00100000000010000
00100000000010001
00100000000010010
00100000000010100
00100000000011000
00100000001000000
00100000001000001
00100000001000010
00100000001000100
00100000001001000
00100000001010000
00100000010000000
00100000010000001
00100000010000010
00100000010000100
00100000010001000
00100000010010000
00100000011000000
00100000100000000
00100000100000001
00100000100000010
00100000100000100
00100000100001000
00100000100010000
00100000101000000
00100000110000000
00100001000000000
00100001000000001
00100001000000010
00100001000000100
00100001000001000
00100001000010000
00100001001000000
00100001010000000
00100001100000000
00101000000000000
00101000000000001
00101000000000010
00101000000000100
00101000000001000
00101000000010000
00101000001000000
00101000010000000
00101000100000000
00101001000000000
00110000000000000
00110000000000001
00110000000000010
00110000000000100
00110000000001000
00110000000010000
00110000001000000
00110000010000000
00110000100000000
00110001000000000
00111000000000000
01000000000000000
01000000000000001
01000000000000010
01000000000000011
01000000000000100
01000000000000101
01000000000000110
01000000000001000
01000000000001001
01000000000001010
01000000000001100
01000000000010000
01000000000010001
01000000000010010
01000000000010100
01000000000011000
01000000001000000
01000000001000001
01000000001000010
01000000001000100
01000000001001000
01000000001010000
01000000010000000
01000000010000001
01000000010000010
01000000010000100
01000000010001000
01000000010010000
01000000011000000
01000000100000000
01000000100000001
01000000100000010
01000000100000100
01000000100001000
01000000100010000
01000000101000000
01000000110000000
01000001000000000
01000001000000001
01000001000000010
01000001000000100
01000001000001000
01000001000010000
01000001001000000
01000001010000000
01000001100000000
01001000000000000
01001000000000001
01001000000000010
01001000000000100
01001000000001000
01001000000010000
01001000001000000
01001000010000000
01001000100000000
01001001000000000
01010000000000000
01010000000000001
01010000000000010
01010000000000100
01010000000001000
01010000000010000
01010000001000000
01010000010000000
01010000100000000
01010001000000000
01011000000000000
01100000000000000
01100000000000001
01100000000000010
01100000000000100
01100000000001000
01100000000010000
01100000001000000
01100000010000000
01100000100000000
01100001000000000
01101000000000000
01110000000000000
10000000000000000
10000000000000001
10000000000000010
10000000000000011
10000000000000100
10000000000000101
10000000000000110
10000000000001000
10000000000001001
10000000000001010
10000000000001100
10000000000010000
10000000000010001
10000000000010010
10000000000010100
10000000000011000
10000000001000000
10000000001000001
10000000001000010
10000000001000100
10000000001001000
10000000001010000
10000000010000000
10000000010000001
10000000010000010
10000000010000100
10000000010001000
10000000010010000
10000000011000000
10000000100000000
10000000100000001
10000000100000010
10000000100000100
10000000100001000
10000000100010000
10000000101000000
10000000110000000
10000001000000000
10000001000000001
10000001000000010
10000001000000100
10000001000001000
10000001000010000
10000001001000000
10000001010000000
10000001100000000
10001000000000000
10001000000000001
10001000000000010
10001000000000100
10001000000001000
10001000000010000
10001000001000000
10001000010000000
10001000100000000
10001001000000000
10010000000000000
10010000000000001
10010000000000010
10010000000000100
10010000000001000
10010000000010000
10010000001000000
10010000010000000
10010000100000000
10010001000000000
10011000000000000
10100000000000000
10100000000000001
10100000000000010
10100000000000100
10100000000001000
10100000000010000
10100000001000000
10100000010000000
10100000100000000
10100001000000000
10101000000000000
10110000000000000
11000000000000000
11000000000000001
11000000000000010
11000000000000100
11000000000001000
11000000000010000
11000000001000000
11000000010000000
11000000100000000
11000001000000000
11001000000000000
11010000000000000
11100000000000000
