00000000000000000
00000000000000001
00000000000000010
00000000000000011
00000000000000100
00000000000000101
00000000000000110
00000000000000111
00000000000001000
00000000000001001
00000000000001010
00000000000001011
00000000000001100
00000000000001101
00000000000001110
00000000000001111
00000000000010000
00000000000010001
00000000000010010
00000000000010011
00000000000010100
00000000000010101
00000000000010110
00000000000010111
00000000000011000
00000000000011001
00000000000011010
00000000000011011
00000000000011100
00000000000011101
00000000000011110
00000000000011111
00000000000100000
00000000000100001
00000000000100010
00000000000100011
00000000000100100
00000000000100101
00000000000100110
00000000000100111
00000000000101000
00000000000101001
00000000000101010
00000000000101011
00000000000101100
00000000000101101
00000000000101110
00000000000101111
00000000000110000
00000000000110001
00000000000110010
00000000000110011
00000000000110100
00000000000110101
00000000000110110
00000000000110111
00000000000111000
00000000000111001
00000000000111010
00000000000111011
00000000000111100
00000000000111101
00000000000111110
00000000000111111
00000000001000000
00000000001000001
00000000001000010
00000000001000011
00000000001000100
00000000001000101
00000000001000110
00000000001000111
00000000001001000
00000000001001001
00000000001001010
00000000001001011
00000000001001100
00000000001001101
00000000001001110
00000000001001111
00000000001010000
00000000001010001
00000000001010010
00000000001010011
00000000001010100
00000000001010101
00000000001010110
00000000001010111
00000000001011000
00000000001011001
00000000001011010
00000000001011011
00000000001011100
00000000001011101
00000000001011110
00000000001011111
00000000001100000
00000000001100001
00000000001100010
00000000001100011
00000000001100100
00000000001100101
00000000001100110
00000000001100111
00000000001101000
00000000001101001
00000000001101010
00000000001101011
00000000001101100
00000000001101101
00000000001101110
00000000001101111
00000000001110000
00000000001110001
00000000001110010
00000000001110011
00000000001110100
00000000001110101
00000000001110110
00000000001110111
00000000001111000
00000000001111001
00000000001111010
00000000001111011
00000000001111100
00000000001111101
00000000001111110
00000000001111111
00010000000000000
00010000000000001
00010000000000010
00010000000000011
00010000000000100
00010000000000101
00010000000000110
00010000000000111
00010000000001000
00010000000001001
00010000000001010
00010000000001011
00010000000001100
00010000000001101
00010000000001110
00010000000001111
00010000000010000
00010000000010001
00010000000010010
00010000000010011
00010000000010100
00010000000010101
00010000000010110
00010000000010111
00010000000011000
00010000000011001
00010000000011010
00010000000011011
00010000000011100
00010000000011101
00010000000011110
00010000000011111
00010000000100000
00010000000100001
00010000000100010
00010000000100011
00010000000100100
00010000000100101
00010000000100110
00010000000100111
00010000000101000
00010000000101001
00010000000101010
00010000000101011
00010000000101100
00010000000101101
00010000000101110
00010000000101111
00010000000110000
00010000000110001
00010000000110010
00010000000110011
00010000000110100
00010000000110101
00010000000110110
00010000000110111
00010000000111000
00010000000111001
00010000000111010
00010000000111011
00010000000111100
00010000000111101
00010000000111110
00010000000111111
00010000001000000
00010000001000001
00010000001000010
00010000001000011
00010000001000100
00010000001000101
00010000001000110
00010000001000111
00010000001001000
00010000001001001
00010000001001010
00010000001001011
00010000001001100
00010000001001101
00010000001001110
00010000001001111
00010000001010000
00010000001010001
00010000001010010
00010000001010011
00010000001010100
00010000001010101
00010000001010110
00010000001010111
00010000001011000
00010000001011001
00010000001011010
00010000001011011
00010000001011100
00010000001011101
00010000001011110
00010000001011111
00010000001100000
00010000001100001
00010000001100010
00010000001100011
00010000001100100
00010000001100101
00010000001100110
00010000001100111
00010000001101000
00010000001101001
00010000001101010
00010000001101011
00010000001101100
00010000001101101
00010000001101110
00010000001101111
00010000001110000
00010000001110001
00010000001110010
00010000001110011
00010000001110100
00010000001110101
00010000001110110
00010000001110111
00010000001111000
00010000001111001
00010000001111010
00010000001111011
00010000001111100
00010000001111101
00010000001111110
00010000001111111
01000000000000000
01000000000000001
01000000000000010
01000000000000011
01000000000000100
01000000000000101
01000000000000110
01000000000000111
01000000000001000
01000000000001001
01000000000001010
01000000000001011
01000000000001100
01000000000001101
01000000000001110
01000000000001111
01000000000010000
01000000000010001
01000000000010010
01000000000010011
01000000000010100
01000000000010101
01000000000010110
01000000000010111
01000000000011000
01000000000011001
01000000000011010
01000000000011011
01000000000011100
01000000000011101
01000000000011110
01000000000011111
01000000000100000
01000000000100001
01000000000100010
01000000000100011
01000000000100100
01000000000100101
01000000000100110
01000000000100111
01000000000101000
01000000000101001
01000000000101010
01000000000101011
01000000000101100
01000000000101101
01000000000101110
01000000000101111
01000000000110000
01000000000110001
01000000000110010
01000000000110011
01000000000110100
01000000000110101
01000000000110110
01000000000110111
01000000000111000
01000000000111001
01000000000111010
01000000000111011
01000000000111100
01000000000111101
01000000000111110
01000000000111111
01000000001000000
01000000001000001
01000000001000010
01000000001000011
01000000001000100
01000000001000101
01000000001000110
01000000001000111
01000000001001000
01000000001001001
01000000001001010
01000000001001011
01000000001001100
01000000001001101
01000000001001110
01000000001001111
01000000001010000
01000000001010001
01000000001010010
01000000001010011
01000000001010100
01000000001010101
01000000001010110
01000000001010111
01000000001011000
01000000001011001
01000000001011010
01000000001011011
01000000001011100
01000000001011101
01000000001011110
01000000001011111
01000000001100000
01000000001100001
01000000001100010
01000000001100011
01000000001100100
01000000001100101
01000000001100110
01000000001100111
01000000001101000
01000000001101001
01000000001101010
01000000001101011
01000000001101100
01000000001101101
01000000001101110
01000000001101111
01000000001110000
01000000001110001
01000000001110010
01000000001110011
01000000001110100
01000000001110101
01000000001110110
01000000001110111
01000000001111000
01000000001111001
01000000001111010
01000000001111011
01000000001111100
01000000001111101
01000000001111110
01000000001111111
01010000000000000
01010000000000001
01010000000000010
01010000000000011
01010000000000100
01010000000000101
01010000000000110
01010000000000111
01010000000001000
01010000000001001
01010000000001010
01010000000001011
01010000000001100
01010000000001101
01010000000001110
01010000000001111
01010000000010000
01010000000010001
01010000000010010
01010000000010011
01010000000010100
01010000000010101
01010000000010110
01010000000010111
01010000000011000
01010000000011001
01010000000011010
01010000000011011
01010000000011100
01010000000011101
01010000000011110
01010000000011111
01010000000100000
01010000000100001
01010000000100010
01010000000100011
01010000000100100
01010000000100101
01010000000100110
01010000000100111
01010000000101000
01010000000101001
01010000000101010
01010000000101011
01010000000101100
01010000000101101
01010000000101110
01010000000101111
01010000000110000
01010000000110001
01010000000110010
01010000000110011
01010000000110100
01010000000110101
01010000000110110
01010000000110111
01010000000111000
01010000000111001
01010000000111010
01010000000111011
01010000000111100
01010000000111101
01010000000111110
01010000000111111
01010000001000000
01010000001000001
01010000001000010
01010000001000011
01010000001000100
01010000001000101
01010000001000110
01010000001000111
01010000001001000
01010000001001001
01010000001001010
01010000001001011
01010000001001100
01010000001001101
01010000001001110
01010000001001111
01010000001010000
01010000001010001
01010000001010010
01010000001010011
01010000001010100
01010000001010101
01010000001010110
01010000001010111
01010000001011000
01010000001011001
01010000001011010
01010000001011011
01010000001011100
01010000001011101
01010000001011110
01010000001011111
01010000001100000
01010000001100001
01010000001100010
01010000001100011
01010000001100100
01010000001100101
01010000001100110
01010000001100111
01010000001101000
01010000001101001
01010000001101010
01010000001101011
01010000001101100
01010000001101101
01010000001101110
01010000001101111
01010000001110000
01010000001110001
01010000001110010
01010000001110011
01010000001110100
01010000001110101
01010000001110110
01010000001110111
01010000001111000
01010000001111001
01010000001111010
01010000001111011
01010000001111100
01010000001111101
01010000001111110
01010000001111111
10000000000000000
10000000000000001
10000000000000010
10000000000000011
10000000000000100
10000000000000101
10000000000000110
10000000000000111
10000000000001000
10000000000001001
10000000000001010
10000000000001011
10000000000001100
10000000000001101
10000000000001110
10000000000001111
10000000000010000
10000000000010001
10000000000010010
10000000000010011
10000000000010100
10000000000010101
10000000000010110
10000000000010111
10000000000011000
10000000000011001
10000000000011010
10000000000011011
10000000000011100
10000000000011101
10000000000011110
10000000000011111
10000000000100000
10000000000100001
10000000000100010
10000000000100011
10000000000100100
10000000000100101
10000000000100110
10000000000100111
10000000000101000
10000000000101001
10000000000101010
10000000000101011
10000000000101100
10000000000101101
10000000000101110
10000000000101111
10000000000110000
10000000000110001
10000000000110010
10000000000110011
10000000000110100
10000000000110101
10000000000110110
10000000000110111
10000000000111000
10000000000111001
10000000000111010
10000000000111011
10000000000111100
10000000000111101
10000000000111110
10000000000111111
10000000001000000
10000000001000001
10000000001000010
10000000001000011
10000000001000100
10000000001000101
10000000001000110
10000000001000111
10000000001001000
10000000001001001
10000000001001010
10000000001001011
10000000001001100
10000000001001101
10000000001001110
10000000001001111
10000000001010000
10000000001010001
10000000001010010
10000000001010011
10000000001010100
10000000001010101
10000000001010110
10000000001010111
10000000001011000
10000000001011001
10000000001011010
10000000001011011
10000000001011100
10000000001011101
10000000001011110
10000000001011111
10000000001100000
10000000001100001
10000000001100010
10000000001100011
10000000001100100
10000000001100101
10000000001100110
10000000001100111
10000000001101000
10000000001101001
10000000001101010
10000000001101011
10000000001101100
10000000001101101
10000000001101110
10000000001101111
10000000001110000
10000000001110001
10000000001110010
10000000001110011
10000000001110100
10000000001110101
10000000001110110
10000000001110111
10000000001111000
10000000001111001
10000000001111010
10000000001111011
10000000001111100
10000000001111101
10000000001111110
10000000001111111
10010000000000000
10010000000000001
10010000000000010
10010000000000011
10010000000000100
10010000000000101
10010000000000110
10010000000000111
10010000000001000
10010000000001001
10010000000001010
10010000000001011
10010000000001100
10010000000001101
10010000000001110
10010000000001111
10010000000010000
10010000000010001
10010000000010010
10010000000010011
10010000000010100
10010000000010101
10010000000010110
10010000000010111
10010000000011000
10010000000011001
10010000000011010
10010000000011011
10010000000011100
10010000000011101
10010000000011110
10010000000011111
10010000000100000
10010000000100001
10010000000100010
10010000000100011
10010000000100100
10010000000100101
10010000000100110
10010000000100111
10010000000101000
10010000000101001
10010000000101010
10010000000101011
10010000000101100
10010000000101101
10010000000101110
10010000000101111
10010000000110000
10010000000110001
10010000000110010
10010000000110011
10010000000110100
10010000000110101
10010000000110110
10010000000110111
10010000000111000
10010000000111001
10010000000111010
10010000000111011
10010000000111100
10010000000111101
10010000000111110
10010000000111111
10010000001000000
10010000001000001
10010000001000010
10010000001000011
10010000001000100
10010000001000101
10010000001000110
10010000001000111
10010000001001000
10010000001001001
10010000001001010
10010000001001011
10010000001001100
10010000001001101
10010000001001110
10010000001001111
10010000001010000
10010000001010001
10010000001010010
10010000001010011
10010000001010100
10010000001010101
10010000001010110
10010000001010111
10010000001011000
10010000001011001
10010000001011010
10010000001011011
10010000001011100
10010000001011101
10010000001011110
10010000001011111
10010000001100000
10010000001100001
10010000001100010
10010000001100011
10010000001100100
10010000001100101
10010000001100110
10010000001100111
10010000001101000
10010000001101001
10010000001101010
10010000001101011
10010000001101100
10010000001101101
10010000001101110
10010000001101111
10010000001110000
10010000001110001
10010000001110010
10010000001110011
10010000001110100
10010000001110101
10010000001110110
10010000001110111
10010000001111000
10010000001111001
10010000001111010
10010000001111011
10010000001111100
10010000001111101
10010000001111110
10010000001111111
11000000000000000
11000000000000001
11000000000000010
11000000000000011
11000000000000100
11000000000000101
11000000000000110
11000000000000111
11000000000001000
11000000000001001
11000000000001010
11000000000001011
11000000000001100
11000000000001101
11000000000001110
11000000000001111
11000000000010000
11000000000010001
11000000000010010
11000000000010011
11000000000010100
11000000000010101
11000000000010110
11000000000010111
11000000000011000
11000000000011001
11000000000011010
11000000000011011
11000000000011100
11000000000011101
11000000000011110
11000000000011111
11000000000100000
11000000000100001
11000000000100010
11000000000100011
11000000000100100
11000000000100101
11000000000100110
11000000000100111
11000000000101000
11000000000101001
11000000000101010
11000000000101011
11000000000101100
11000000000101101
11000000000101110
11000000000101111
11000000000110000
11000000000110001
11000000000110010
11000000000110011
11000000000110100
11000000000110101
11000000000110110
11000000000110111
11000000000111000
11000000000111001
11000000000111010
11000000000111011
11000000000111100
11000000000111101
11000000000111110
11000000000111111
11000000001000000
11000000001000001
11000000001000010
11000000001000011
11000000001000100
11000000001000101
11000000001000110
11000000001000111
11000000001001000
11000000001001001
11000000001001010
11000000001001011
11000000001001100
11000000001001101
11000000001001110
11000000001001111
11000000001010000
11000000001010001
11000000001010010
11000000001010011
11000000001010100
11000000001010101
11000000001010110
11000000001010111
11000000001011000
11000000001011001
11000000001011010
11000000001011011
11000000001011100
11000000001011101
11000000001011110
11000000001011111
11000000001100000
11000000001100001
11000000001100010
11000000001100011
11000000001100100
11000000001100101
11000000001100110
11000000001100111
11000000001101000
11000000001101001
11000000001101010
11000000001101011
11000000001101100
11000000001101101
11000000001101110
11000000001101111
11000000001110000
11000000001110001
11000000001110010
11000000001110011
11000000001110100
11000000001110101
11000000001110110
11000000001110111
11000000001111000
11000000001111001
11000000001111010
11000000001111011
11000000001111100
11000000001111101
11000000001111110
11000000001111111
11010000000000000
11010000000000001
11010000000000010
11010000000000011
11010000000000100
11010000000000101
11010000000000110
11010000000000111
11010000000001000
11010000000001001
11010000000001010
11010000000001011
11010000000001100
11010000000001101
11010000000001110
11010000000001111
11010000000010000
11010000000010001
11010000000010010
11010000000010011
11010000000010100
11010000000010101
11010000000010110
11010000000010111
11010000000011000
11010000000011001
11010000000011010
11010000000011011
11010000000011100
11010000000011101
11010000000011110
11010000000011111
11010000000100000
11010000000100001
11010000000100010
11010000000100011
11010000000100100
11010000000100101
11010000000100110
11010000000100111
11010000000101000
11010000000101001
11010000000101010
11010000000101011
11010000000101100
11010000000101101
11010000000101110
11010000000101111
11010000000110000
11010000000110001
11010000000110010
11010000000110011
11010000000110100
11010000000110101
11010000000110110
11010000000110111
11010000000111000
11010000000111001
11010000000111010
11010000000111011
11010000000111100
11010000000111101
11010000000111110
11010000000111111
11010000001000000
11010000001000001
11010000001000010
11010000001000011
11010000001000100
11010000001000101
11010000001000110
11010000001000111
11010000001001000
11010000001001001
11010000001001010
11010000001001011
11010000001001100
11010000001001101
11010000001001110
11010000001001111
11010000001010000
11010000001010001
11010000001010010
11010000001010011
11010000001010100
11010000001010101
11010000001010110
11010000001010111
11010000001011000
11010000001011001
11010000001011010
11010000001011011
11010000001011100
11010000001011101
11010000001011110
11010000001011111
11010000001100000
11010000001100001
11010000001100010
11010000001100011
11010000001100100
11010000001100101
11010000001100110
11010000001100111
11010000001101000
11010000001101001
11010000001101010
11010000001101011
11010000001101100
11010000001101101
11010000001101110
11010000001101111
11010000001110000
11010000001110001
11010000001110010
11010000001110011
11010000001110100
11010000001110101
11010000001110110
11010000001110111
11010000001111000
11010000001111001
11010000001111010
11010000001111011
11010000001111100
11010000001111101
11010000001111110
11010000001111111
