00000000000000000
00000000000000010
00000000000000100
00000000000000110
00000000000001000
00000000000001010
00000000000001100
00000000000001110
00000000000010000
00000000000010010
00000000000010100
00000000000010110
00000000000011000
00000000000011010
00000000000011100
00000000000100000
00000000000100010
00000000000100100
00000000000100110
00000000000101000
00000000000101010
00000000000101100
00000000000110000
00000000000110010
00000000000110100
00000000000111000
00000000001000000
00000000001000010
00000000001000100
00000000001000110
00000000001001000
00000000001001010
00000000001001100
00000000001010000
00000000001010010
00000000001010100
00000000001011000
00000000001100000
00000000001100010
00000000001100100
00000000001101000
00000000001110000
00000000010000000
00000000010000010
00000000010000100
00000000010000110
00000000010001000
00000000010001010
00000000010001100
00000000010010000
00000000010010010
00000000010010100
00000000010011000
00000000010100000
00000000010100010
00000000010100100
00000000010101000
00000000010110000
00000000011000000
00000000011000010
00000000011000100
00000000011001000
00000000011010000
00000000011100000
00000000100000000
00000000100000010
00000000100000100
00000000100000110
00000000100001000
00000000100001010
00000000100001100
00000000100010000
00000000100010010
00000000100010100
00000000100011000
00000000100100000
00000000100100010
00000000100100100
00000000100101000
00000000100110000
00000000101000000
00000000101000010
00000000101000100
00000000101001000
00000000101010000
00000000101100000
00000000110000000
00000000110000010
00000000110000100
00000000110001000
00000000110010000
00000000110100000
00000000111000000
00000001000000000
00000001000000010
00000001000000100
00000001000000110
00000001000001000
00000001000001010
00000001000001100
00000001000010000
00000001000010010
00000001000010100
00000001000011000
00000001000100000
00000001000100010
00000001000100100
00000001000101000
00000001000110000
00000001001000000
00000001001000010
00000001001000100
00000001001001000
00000001001010000
00000001001100000
00000001010000000
00000001010000010
00000001010000100
00000001010001000
00000001010010000
00000001010100000
00000001011000000
00000001100000000
00000001100000010
00000001100000100
00000001100001000
00000001100010000
00000001100100000
00000001101000000
00000001110000000
00000010000000000
00000010000000010
00000010000000100
00000010000000110
00000010000001000
00000010000001010
00000010000001100
00000010000010000
00000010000010010
00000010000010100
00000010000011000
00000010000100000
00000010000100010
00000010000100100
00000010000101000
00000010000110000
00000010001000000
00000010001000010
00000010001000100
00000010001001000
00000010001010000
00000010001100000
00000010010000000
00000010010000010
00000010010000100
00000010010001000
00000010010010000
00000010010100000
00000010011000000
00000010100000000
00000010100000010
00000010100000100
00000010100001000
00000010100010000
00000010100100000
00000010101000000
00000010110000000
00000011000000000
00000011000000010
00000011000000100
00000011000001000
00000011000010000
00000011000100000
00000011001000000
00000011010000000
00000011100000000
00000100000000000
00000100000000010
00000100000000100
00000100000000110
00000100000001000
00000100000001010
00000100000001100
00000100000010000
00000100000010010
00000100000010100
00000100000011000
00000100000100000
00000100000100010
00000100000100100
00000100000101000
00000100000110000
00000100001000000
00000100001000010
00000100001000100
00000100001001000
00000100001010000
00000100001100000
00000100010000000
00000100010000010
00000100010000100
00000100010001000
00000100010010000
00000100010100000
00000100011000000
00000100100000000
00000100100000010
00000100100000100
00000100100001000
00000100100010000
00000100100100000
00000100101000000
00000100110000000
00000101000000000
00000101000000010
00000101000000100
00000101000001000
00000101000010000
00000101000100000
00000101001000000
00000101010000000
00000101100000000
00000110000000000
00000110000000010
00000110000000100
00000110000001000
00000110000010000
00000110000100000
00000110001000000
00000110010000000
00000110100000000
00000111000000000
00001000000000000
00001000000000010
00001000000000100
00001000000000110
00001000000001000
00001000000001010
00001000000001100
00001000000010000
00001000000010010
00001000000010100
00001000000011000
00001000000100000
00001000000100010
00001000000100100
00001000000101000
00001000000110000
00001000001000000
00001000001000010
00001000001000100
00001000001001000
00001000001010000
00001000001100000
00001000010000000
00001000010000010
00001000010000100
00001000010001000
00001000010010000
00001000010100000
00001000011000000
00001000100000000
00001000100000010
00001000100000100
00001000100001000
00001000100010000
00001000100100000
00001000101000000
00001000110000000
00001001000000000
00001001000000010
00001001000000100
00001001000001000
00001001000010000
00001001000100000
00001001001000000
00001001010000000
00001001100000000
00001010000000000
00001010000000010
00001010000000100
00001010000001000
00001010000010000
00001010000100000
00001010001000000
00001010010000000
00001010100000000
00001011000000000
00001100000000000
00001100000000010
00001100000000100
00001100000001000
00001100000010000
00001100000100000
00001100001000000
00001100010000000
00001100100000000
00001101000000000
00001110000000000
00010000000000000
00010000000000010
00010000000000100
00010000000000110
00010000000001000
00010000000001010
00010000000001100
00010000000010000
00010000000010010
00010000000010100
00010000000011000
00010000000100000
00010000000100010
00010000000100100
00010000000101000
00010000000110000
00010000001000000
00010000001000010
00010000001000100
00010000001001000
00010000001010000
00010000001100000
00010000010000000
00010000010000010
00010000010000100
00010000010001000
00010000010010000
00010000010100000
00010000011000000
00010000100000000
00010000100000010
00010000100000100
00010000100001000
00010000100010000
00010000100100000
00010000101000000
00010000110000000
00010001000000000
00010001000000010
00010001000000100
00010001000001000
00010001000010000
00010001000100000
00010001001000000
00010001010000000
00010001100000000
00010010000000000
00010010000000010
00010010000000100
00010010000001000
00010010000010000
00010010000100000
00010010001000000
00010010010000000
00010010100000000
00010011000000000
00010100000000000
00010100000000010
00010100000000100
00010100000001000
00010100000010000
00010100000100000
00010100001000000
00010100010000000
00010100100000000
00010101000000000
00010110000000000
00011000000000000
00011000000000010
00011000000000100
00011000000001000
00011000000010000
00011000000100000
00011000001000000
00011000010000000
00011000100000000
00011001000000000
00011010000000000
00011100000000000
