00000000000000000
00000000000000001
00000000000000010
00000000000000011
00000000000000100
00000000000000101
00000000000000110
00000000000000111
00000000000001000
00000000000001001
00000000000001010
00000000000001011
00000000000001100
00000000000001101
00000000000001110
00000000000001111
00001000000000000
00001000000000001
00001000000000010
00001000000000011
00001000000000100
00001000000000101
00001000000000110
00001000000000111
00001000000001000
00001000000001001
00001000000001010
00001000000001011
00001000000001100
00001000000001101
00001000000001110
00001000000001111
00010000000000000
00010000000000001
00010000000000010
00010000000000011
00010000000000100
00010000000000101
00010000000000110
00010000000000111
00010000000001000
00010000000001001
00010000000001010
00010000000001011
00010000000001100
00010000000001101
00010000000001110
00010000000001111
00011000000000000
00011000000000001
00011000000000010
00011000000000011
00011000000000100
00011000000000101
00011000000000110
00011000000000111
00011000000001000
00011000000001001
00011000000001010
00011000000001011
00011000000001100
00011000000001101
00011000000001110
00011000000001111
00100000000000000
00100000000000001
00100000000000010
00100000000000011
00100000000000100
00100000000000101
00100000000000110
00100000000000111
00100000000001000
00100000000001001
00100000000001010
00100000000001011
00100000000001100
00100000000001101
00100000000001110
00100000000001111
00101000000000000
00101000000000001
00101000000000010
00101000000000011
00101000000000100
00101000000000101
00101000000000110
00101000000000111
00101000000001000
00101000000001001
00101000000001010
00101000000001011
00101000000001100
00101000000001101
00101000000001110
00101000000001111
00110000000000000
00110000000000001
00110000000000010
00110000000000011
00110000000000100
00110000000000101
00110000000000110
00110000000000111
00110000000001000
00110000000001001
00110000000001010
00110000000001011
00110000000001100
00110000000001101
00110000000001110
00110000000001111
00111000000000000
00111000000000001
00111000000000010
00111000000000011
00111000000000100
00111000000000101
00111000000000110
00111000000000111
00111000000001000
00111000000001001
00111000000001010
00111000000001011
00111000000001100
00111000000001101
00111000000001110
00111000000001111
01000000000000000
01000000000000001
01000000000000010
01000000000000011
01000000000000100
01000000000000101
01000000000000110
01000000000000111
01000000000001000
01000000000001001
01000000000001010
01000000000001011
01000000000001100
01000000000001101
01000000000001110
01000000000001111
01001000000000000
01001000000000001
01001000000000010
01001000000000011
01001000000000100
01001000000000101
01001000000000110
01001000000000111
01001000000001000
01001000000001001
01001000000001010
01001000000001011
01001000000001100
01001000000001101
01001000000001110
01001000000001111
01010000000000000
01010000000000001
01010000000000010
01010000000000011
01010000000000100
01010000000000101
01010000000000110
01010000000000111
01010000000001000
01010000000001001
01010000000001010
01010000000001011
01010000000001100
01010000000001101
01010000000001110
01010000000001111
01011000000000000
01011000000000001
01011000000000010
01011000000000011
01011000000000100
01011000000000101
01011000000000110
01011000000000111
01011000000001000
01011000000001001
01011000000001010
01011000000001011
01011000000001100
01011000000001101
01011000000001110
01011000000001111
01100000000000000
01100000000000001
01100000000000010
01100000000000011
01100000000000100
01100000000000101
01100000000000110
01100000000000111
01100000000001000
01100000000001001
01100000000001010
01100000000001011
01100000000001100
01100000000001101
01100000000001110
01100000000001111
01101000000000000
01101000000000001
01101000000000010
01101000000000011
01101000000000100
01101000000000101
01101000000000110
01101000000000111
01101000000001000
01101000000001001
01101000000001010
01101000000001011
01101000000001100
01101000000001101
01101000000001110
01101000000001111
01110000000000000
01110000000000001
01110000000000010
01110000000000011
01110000000000100
01110000000000101
01110000000000110
01110000000000111
01110000000001000
01110000000001001
01110000000001010
01110000000001011
01110000000001100
01110000000001101
01110000000001110
01110000000001111
01111000000000000
01111000000000001
01111000000000010
01111000000000011
01111000000000100
01111000000000101
01111000000000110
01111000000000111
01111000000001000
01111000000001001
01111000000001010
01111000000001011
01111000000001100
01111000000001101
01111000000001110
01111000000001111
10000000000000000
10000000000000001
10000000000000010
10000000000000011
10000000000000100
10000000000000101
10000000000000110
10000000000000111
10000000000001000
10000000000001001
10000000000001010
10000000000001011
10000000000001100
10000000000001101
10000000000001110
10000000000001111
10001000000000000
10001000000000001
10001000000000010
10001000000000011
10001000000000100
10001000000000101
10001000000000110
10001000000000111
10001000000001000
10001000000001001
10001000000001010
10001000000001011
10001000000001100
10001000000001101
10001000000001110
10001000000001111
10010000000000000
10010000000000001
10010000000000010
10010000000000011
10010000000000100
10010000000000101
10010000000000110
10010000000000111
10010000000001000
10010000000001001
10010000000001010
10010000000001011
10010000000001100
10010000000001101
10010000000001110
10010000000001111
10011000000000000
10011000000000001
10011000000000010
10011000000000011
10011000000000100
10011000000000101
10011000000000110
10011000000000111
10011000000001000
10011000000001001
10011000000001010
10011000000001011
10011000000001100
10011000000001101
10011000000001110
10011000000001111
10100000000000000
10100000000000001
10100000000000010
10100000000000011
10100000000000100
10100000000000101
10100000000000110
10100000000000111
10100000000001000
10100000000001001
10100000000001010
10100000000001011
10100000000001100
10100000000001101
10100000000001110
10100000000001111
10101000000000000
10101000000000001
10101000000000010
10101000000000011
10101000000000100
10101000000000101
10101000000000110
10101000000000111
10101000000001000
10101000000001001
10101000000001010
10101000000001011
10101000000001100
10101000000001101
10101000000001110
10101000000001111
10110000000000000
10110000000000001
10110000000000010
10110000000000011
10110000000000100
10110000000000101
10110000000000110
10110000000000111
10110000000001000
10110000000001001
10110000000001010
10110000000001011
10110000000001100
10110000000001101
10110000000001110
10110000000001111
10111000000000000
10111000000000001
10111000000000010
10111000000000011
10111000000000100
10111000000000101
10111000000000110
10111000000000111
10111000000001000
10111000000001001
10111000000001010
10111000000001011
10111000000001100
10111000000001101
10111000000001110
10111000000001111
11000000000000000
11000000000000001
11000000000000010
11000000000000011
11000000000000100
11000000000000101
11000000000000110
11000000000000111
11000000000001000
11000000000001001
11000000000001010
11000000000001011
11000000000001100
11000000000001101
11000000000001110
11000000000001111
11001000000000000
11001000000000001
11001000000000010
11001000000000011
11001000000000100
11001000000000101
11001000000000110
11001000000000111
11001000000001000
11001000000001001
11001000000001010
11001000000001011
11001000000001100
11001000000001101
11001000000001110
11001000000001111
11010000000000000
11010000000000001
11010000000000010
11010000000000011
11010000000000100
11010000000000101
11010000000000110
11010000000000111
11010000000001000
11010000000001001
11010000000001010
11010000000001011
11010000000001100
11010000000001101
11010000000001110
11010000000001111
11011000000000000
11011000000000001
11011000000000010
11011000000000011
11011000000000100
11011000000000101
11011000000000110
11011000000000111
11011000000001000
11011000000001001
11011000000001010
11011000000001011
11011000000001100
11011000000001101
11011000000001110
11011000000001111
11100000000000000
11100000000000001
11100000000000010
11100000000000011
11100000000000100
11100000000000101
11100000000000110
11100000000000111
11100000000001000
11100000000001001
11100000000001010
11100000000001011
11100000000001100
11100000000001101
11100000000001110
11100000000001111
11101000000000000
11101000000000001
11101000000000010
11101000000000011
11101000000000100
11101000000000101
11101000000000110
11101000000000111
11101000000001000
11101000000001001
11101000000001010
11101000000001011
11101000000001100
11101000000001101
11101000000001110
11101000000001111
11110000000000000
11110000000000001
11110000000000010
11110000000000011
11110000000000100
11110000000000101
11110000000000110
11110000000000111
11110000000001000
11110000000001001
11110000000001010
11110000000001011
11110000000001100
11110000000001101
11110000000001110
11110000000001111
11111000000000000
11111000000000001
11111000000000010
11111000000000011
11111000000000100
11111000000000101
11111000000000110
11111000000000111
11111000000001000
11111000000001001
11111000000001010
11111000000001011
11111000000001100
11111000000001101
11111000000001110
11111000000001111
