00000000000000000
00000000000000001
00000000000000010
00000000000000011
00000000000000100
00000000000000101
00000000000000110
00000000000000111
00000000000001000
00000000000001001
00000000000001010
00000000000001011
00000000000001100
00000000000001101
00000000000001110
00000010000000000
00000010000000001
00000010000000010
00000010000000011
00000010000000100
00000010000000101
00000010000000110
00000010000001000
00000010000001001
00000010000001010
00000010000001100
00000100000000000
00000100000000001
00000100000000010
00000100000000011
00000100000000100
00000100000000101
00000100000000110
00000100000001000
00000100000001001
00000100000001010
00000100000001100
00000110000000000
00000110000000001
00000110000000010
00000110000000100
00000110000001000
00001000000000000
00001000000000001
00001000000000010
00001000000000011
00001000000000100
00001000000000101
00001000000000110
00001000000001000
00001000000001001
00001000000001010
00001000000001100
00001010000000000
00001010000000001
00001010000000010
00001010000000100
00001010000001000
00001100000000000
00001100000000001
00001100000000010
00001100000000100
00001100000001000
00001110000000000
01000000000000000
01000000000000001
01000000000000010
01000000000000011
01000000000000100
01000000000000101
01000000000000110
01000000000001000
01000000000001001
01000000000001010
01000000000001100
01000010000000000
01000010000000001
01000010000000010
01000010000000100
01000010000001000
01000100000000000
01000100000000001
01000100000000010
01000100000000100
01000100000001000
01000110000000000
01001000000000000
01001000000000001
01001000000000010
01001000000000100
01001000000001000
01001010000000000
01001100000000000
10000000000000000
10000000000000001
10000000000000010
10000000000000011
10000000000000100
10000000000000101
10000000000000110
10000000000001000
10000000000001001
10000000000001010
10000000000001100
10000010000000000
10000010000000001
10000010000000010
10000010000000100
10000010000001000
10000100000000000
10000100000000001
10000100000000010
10000100000000100
10000100000001000
10000110000000000
10001000000000000
10001000000000001
10001000000000010
10001000000000100
10001000000001000
10001010000000000
10001100000000000
11000000000000000
11000000000000001
11000000000000010
11000000000000100
11000000000001000
11000010000000000
11000100000000000
11001000000000000
