00000000000000000
00000000000000001
00000000000000010
00000000000000011
00000000000010000
00000000000010001
00000000000010010
00000000000010011
00000000000100000
00000000000100001
00000000000100010
00000000000100011
00000000000110000
00000000000110001
00000000000110010
00000000000110011
00000000001000000
00000000001000001
00000000001000010
00000000001000011
00000000001010000
00000000001010001
00000000001010010
00000000001010011
00000000001100000
00000000001100001
00000000001100010
00000000001100011
00000000001110000
00000000001110001
00000000001110010
00000000001110011
00000000010000000
00000000010000001
00000000010000010
00000000010000011
00000000010010000
00000000010010001
00000000010010010
00000000010010011
00000000010100000
00000000010100001
00000000010100010
00000000010100011
00000000010110000
00000000010110001
00000000010110010
00000000010110011
00000000011000000
00000000011000001
00000000011000010
00000000011000011
00000000011010000
00000000011010001
00000000011010010
00000000011010011
00000000011100000
00000000011100001
00000000011100010
00000000011100011
00000000011110000
00000000011110001
00000000011110010
00000000011110011
00100000000000000
00100000000000001
00100000000000010
00100000000000011
00100000000010000
00100000000010001
00100000000010010
00100000000010011
00100000000100000
00100000000100001
00100000000100010
00100000000100011
00100000000110000
00100000000110001
00100000000110010
00100000000110011
00100000001000000
00100000001000001
00100000001000010
00100000001000011
00100000001010000
00100000001010001
00100000001010010
00100000001010011
00100000001100000
00100000001100001
00100000001100010
00100000001100011
00100000001110000
00100000001110001
00100000001110010
00100000001110011
00100000010000000
00100000010000001
00100000010000010
00100000010000011
00100000010010000
00100000010010001
00100000010010010
00100000010010011
00100000010100000
00100000010100001
00100000010100010
00100000010100011
00100000010110000
00100000010110001
00100000010110010
00100000010110011
00100000011000000
00100000011000001
00100000011000010
00100000011000011
00100000011010000
00100000011010001
00100000011010010
00100000011010011
00100000011100000
00100000011100001
00100000011100010
00100000011100011
00100000011110000
00100000011110001
00100000011110010
00100000011110011
01000000000000000
01000000000000001
01000000000000010
01000000000000011
01000000000010000
01000000000010001
01000000000010010
01000000000010011
01000000000100000
01000000000100001
01000000000100010
01000000000100011
01000000000110000
01000000000110001
01000000000110010
01000000000110011
01000000001000000
01000000001000001
01000000001000010
01000000001000011
01000000001010000
01000000001010001
01000000001010010
01000000001010011
01000000001100000
01000000001100001
01000000001100010
01000000001100011
01000000001110000
01000000001110001
01000000001110010
01000000001110011
01000000010000000
01000000010000001
01000000010000010
01000000010000011
01000000010010000
01000000010010001
01000000010010010
01000000010010011
01000000010100000
01000000010100001
01000000010100010
01000000010100011
01000000010110000
01000000010110001
01000000010110010
01000000010110011
01000000011000000
01000000011000001
01000000011000010
01000000011000011
01000000011010000
01000000011010001
01000000011010010
01000000011010011
01000000011100000
01000000011100001
01000000011100010
01000000011100011
01000000011110000
01000000011110001
01000000011110010
01000000011110011
01100000000000000
01100000000000001
01100000000000010
01100000000000011
01100000000010000
01100000000010001
01100000000010010
01100000000010011
01100000000100000
01100000000100001
01100000000100010
01100000000100011
01100000000110000
01100000000110001
01100000000110010
01100000000110011
01100000001000000
01100000001000001
01100000001000010
01100000001000011
01100000001010000
01100000001010001
01100000001010010
01100000001010011
01100000001100000
01100000001100001
01100000001100010
01100000001100011
01100000001110000
01100000001110001
01100000001110010
01100000001110011
01100000010000000
01100000010000001
01100000010000010
01100000010000011
01100000010010000
01100000010010001
01100000010010010
01100000010010011
01100000010100000
01100000010100001
01100000010100010
01100000010100011
01100000010110000
01100000010110001
01100000010110010
01100000010110011
01100000011000000
01100000011000001
01100000011000010
01100000011000011
01100000011010000
01100000011010001
01100000011010010
01100000011010011
01100000011100000
01100000011100001
01100000011100010
01100000011100011
01100000011110000
01100000011110001
01100000011110010
01100000011110011
10000000000000000
10000000000000001
10000000000000010
10000000000000011
10000000000010000
10000000000010001
10000000000010010
10000000000010011
10000000000100000
10000000000100001
10000000000100010
10000000000100011
10000000000110000
10000000000110001
10000000000110010
10000000000110011
10000000001000000
10000000001000001
10000000001000010
10000000001000011
10000000001010000
10000000001010001
10000000001010010
10000000001010011
10000000001100000
10000000001100001
10000000001100010
10000000001100011
10000000001110000
10000000001110001
10000000001110010
10000000001110011
10000000010000000
10000000010000001
10000000010000010
10000000010000011
10000000010010000
10000000010010001
10000000010010010
10000000010010011
10000000010100000
10000000010100001
10000000010100010
10000000010100011
10000000010110000
10000000010110001
10000000010110010
10000000010110011
10000000011000000
10000000011000001
10000000011000010
10000000011000011
10000000011010000
10000000011010001
10000000011010010
10000000011010011
10000000011100000
10000000011100001
10000000011100010
10000000011100011
10000000011110000
10000000011110001
10000000011110010
10000000011110011
10100000000000000
10100000000000001
10100000000000010
10100000000000011
10100000000010000
10100000000010001
10100000000010010
10100000000010011
10100000000100000
10100000000100001
10100000000100010
10100000000100011
10100000000110000
10100000000110001
10100000000110010
10100000000110011
10100000001000000
10100000001000001
10100000001000010
10100000001000011
10100000001010000
10100000001010001
10100000001010010
10100000001010011
10100000001100000
10100000001100001
10100000001100010
10100000001100011
10100000001110000
10100000001110001
10100000001110010
10100000001110011
10100000010000000
10100000010000001
10100000010000010
10100000010000011
10100000010010000
10100000010010001
10100000010010010
10100000010010011
10100000010100000
10100000010100001
10100000010100010
10100000010100011
10100000010110000
10100000010110001
10100000010110010
10100000010110011
10100000011000000
10100000011000001
10100000011000010
10100000011000011
10100000011010000
10100000011010001
10100000011010010
10100000011010011
10100000011100000
10100000011100001
10100000011100010
10100000011100011
10100000011110000
10100000011110001
10100000011110010
10100000011110011
11000000000000000
11000000000000001
11000000000000010
11000000000000011
11000000000010000
11000000000010001
11000000000010010
11000000000010011
11000000000100000
11000000000100001
11000000000100010
11000000000100011
11000000000110000
11000000000110001
11000000000110010
11000000000110011
11000000001000000
11000000001000001
11000000001000010
11000000001000011
11000000001010000
11000000001010001
11000000001010010
11000000001010011
11000000001100000
11000000001100001
11000000001100010
11000000001100011
11000000001110000
11000000001110001
11000000001110010
11000000001110011
11000000010000000
11000000010000001
11000000010000010
11000000010000011
11000000010010000
11000000010010001
11000000010010010
11000000010010011
11000000010100000
11000000010100001
11000000010100010
11000000010100011
11000000010110000
11000000010110001
11000000010110010
11000000010110011
11000000011000000
11000000011000001
11000000011000010
11000000011000011
11000000011010000
11000000011010001
11000000011010010
11000000011010011
11000000011100000
11000000011100001
11000000011100010
11000000011100011
11000000011110000
11000000011110001
11000000011110010
11000000011110011
11100000000000000
11100000000000001
11100000000000010
11100000000000011
11100000000010000
11100000000010001
11100000000010010
11100000000010011
11100000000100000
11100000000100001
11100000000100010
11100000000100011
11100000000110000
11100000000110001
11100000000110010
11100000000110011
11100000001000000
11100000001000001
11100000001000010
11100000001000011
11100000001010000
11100000001010001
11100000001010010
11100000001010011
11100000001100000
11100000001100001
11100000001100010
11100000001100011
11100000001110000
11100000001110001
11100000001110010
11100000001110011
11100000010000000
11100000010000001
11100000010000010
11100000010000011
11100000010010000
11100000010010001
11100000010010010
11100000010010011
11100000010100000
11100000010100001
11100000010100010
11100000010100011
11100000010110000
11100000010110001
11100000010110010
11100000010110011
11100000011000000
11100000011000001
11100000011000010
11100000011000011
11100000011010000
11100000011010001
11100000011010010
11100000011010011
11100000011100000
11100000011100001
11100000011100010
11100000011100011
11100000011110000
11100000011110001
11100000011110010
11100000011110011
