00000000000000000
00000000100000000
00000001000000000
00000001100000000
00000010000000000
00000010100000000
00000011000000000
00000011100000000
00000100000000000
00000100100000000
00000101000000000
00000101100000000
00000110000000000
00000110100000000
00000111000000000
00000111100000000
00010000000000000
00010000100000000
00010001000000000
00010001100000000
00010010000000000
00010010100000000
00010011000000000
00010011100000000
00010100000000000
00010100100000000
00010101000000000
00010101100000000
00010110000000000
00010110100000000
00010111000000000
00010111100000000
00100000000000000
00100000100000000
00100001000000000
00100001100000000
00100010000000000
00100010100000000
00100011000000000
00100011100000000
00100100000000000
00100100100000000
00100101000000000
00100101100000000
00100110000000000
00100110100000000
00100111000000000
00100111100000000
00110000000000000
00110000100000000
00110001000000000
00110001100000000
00110010000000000
00110010100000000
00110011000000000
00110011100000000
00110100000000000
00110100100000000
00110101000000000
00110101100000000
00110110000000000
00110110100000000
00110111000000000
00110111100000000
01000000000000000
01000000100000000
01000001000000000
01000001100000000
01000010000000000
01000010100000000
01000011000000000
01000011100000000
01000100000000000
01000100100000000
01000101000000000
01000101100000000
01000110000000000
01000110100000000
01000111000000000
01000111100000000
01010000000000000
01010000100000000
01010001000000000
01010001100000000
01010010000000000
01010010100000000
01010011000000000
01010011100000000
01010100000000000
01010100100000000
01010101000000000
01010101100000000
01010110000000000
01010110100000000
01010111000000000
01010111100000000
01100000000000000
01100000100000000
01100001000000000
01100001100000000
01100010000000000
01100010100000000
01100011000000000
01100011100000000
01100100000000000
01100100100000000
01100101000000000
01100101100000000
01100110000000000
01100110100000000
01100111000000000
01100111100000000
01110000000000000
01110000100000000
01110001000000000
01110001100000000
01110010000000000
01110010100000000
01110011000000000
01110011100000000
01110100000000000
01110100100000000
01110101000000000
01110101100000000
01110110000000000
01110110100000000
01110111000000000
01110111100000000
10000000000000000
10000000100000000
10000001000000000
10000001100000000
10000010000000000
10000010100000000
10000011000000000
10000011100000000
10000100000000000
10000100100000000
10000101000000000
10000101100000000
10000110000000000
10000110100000000
10000111000000000
10000111100000000
10010000000000000
10010000100000000
10010001000000000
10010001100000000
10010010000000000
10010010100000000
10010011000000000
10010011100000000
10010100000000000
10010100100000000
10010101000000000
10010101100000000
10010110000000000
10010110100000000
10010111000000000
10010111100000000
10100000000000000
10100000100000000
10100001000000000
10100001100000000
10100010000000000
10100010100000000
10100011000000000
10100011100000000
10100100000000000
10100100100000000
10100101000000000
10100101100000000
10100110000000000
10100110100000000
10100111000000000
10100111100000000
10110000000000000
10110000100000000
10110001000000000
10110001100000000
10110010000000000
10110010100000000
10110011000000000
10110011100000000
10110100000000000
10110100100000000
10110101000000000
10110101100000000
10110110000000000
10110110100000000
10110111000000000
10110111100000000
11000000000000000
11000000100000000
11000001000000000
11000001100000000
11000010000000000
11000010100000000
11000011000000000
11000011100000000
11000100000000000
11000100100000000
11000101000000000
11000101100000000
11000110000000000
11000110100000000
11000111000000000
11000111100000000
11010000000000000
11010000100000000
11010001000000000
11010001100000000
11010010000000000
11010010100000000
11010011000000000
11010011100000000
11010100000000000
11010100100000000
11010101000000000
11010101100000000
11010110000000000
11010110100000000
11010111000000000
11010111100000000
11100000000000000
11100000100000000
11100001000000000
11100001100000000
11100010000000000
11100010100000000
11100011000000000
11100011100000000
11100100000000000
11100100100000000
11100101000000000
11100101100000000
11100110000000000
11100110100000000
11100111000000000
11100111100000000
11110000000000000
11110000100000000
11110001000000000
11110001100000000
11110010000000000
11110010100000000
11110011000000000
11110011100000000
11110100000000000
11110100100000000
11110101000000000
11110101100000000
11110110000000000
11110110100000000
11110111000000000
11110111100000000
