00000000000000000
00000000000000001
00000000000000010
00000000000000011
00000000000010000
00000000000010001
00000000000010010
00000000000010011
00000000000100000
00000000000100001
00000000000100010
00000000000100011
00000000000110000
00000000000110001
00000000000110010
00000000001000000
00000000001000001
00000000001000010
00000000001000011
00000000001010000
00000000001010001
00000000001010010
00000000001100000
00000000001100001
00000000001100010
00000000001110000
00000000010000000
00000000010000001
00000000010000010
00000000010000011
00000000010010000
00000000010010001
00000000010010010
00000000010100000
00000000010100001
00000000010100010
00000000010110000
00000000011000000
00000000011000001
00000000011000010
00000000011010000
00000000011100000
00100000000000000
00100000000000001
00100000000000010
00100000000000011
00100000000010000
00100000000010001
00100000000010010
00100000000100000
00100000000100001
00100000000100010
00100000000110000
00100000001000000
00100000001000001
00100000001000010
00100000001010000
00100000001100000
00100000010000000
00100000010000001
00100000010000010
00100000010010000
00100000010100000
00100000011000000
01000000000000000
01000000000000001
01000000000000010
01000000000000011
01000000000010000
01000000000010001
01000000000010010
01000000000100000
01000000000100001
01000000000100010
01000000000110000
01000000001000000
01000000001000001
01000000001000010
01000000001010000
01000000001100000
01000000010000000
01000000010000001
01000000010000010
01000000010010000
01000000010100000
01000000011000000
01100000000000000
01100000000000001
01100000000000010
01100000000010000
01100000000100000
01100000001000000
01100000010000000
10000000000000000
10000000000000001
10000000000000010
10000000000000011
10000000000010000
10000000000010001
10000000000010010
10000000000100000
10000000000100001
10000000000100010
10000000000110000
10000000001000000
10000000001000001
10000000001000010
10000000001010000
10000000001100000
10000000010000000
10000000010000001
10000000010000010
10000000010010000
10000000010100000
10000000011000000
10100000000000000
10100000000000001
10100000000000010
10100000000010000
10100000000100000
10100000001000000
10100000010000000
11000000000000000
11000000000000001
11000000000000010
11000000000010000
11000000000100000
11000000001000000
11000000010000000
11100000000000000
