00000000000000000
00000000000000001
00000000000000010
00000000000000011
00000000000000100
00000000000000101
00000000000000110
00000000000000111
00000000000001000
00000000000001001
00000000000001010
00000000000001011
00000000000001100
00000000000001101
00000000000001110
00000000000010000
00000000000010001
00000000000010010
00000000000010011
00000000000010100
00000000000010101
00000000000010110
00000000000011000
00000000000011001
00000000000011010
00000000000011100
00000000001000000
00000000001000001
00000000001000010
00000000001000011
00000000001000100
00000000001000101
00000000001000110
00000000001001000
00000000001001001
00000000001001010
00000000001001100
00000000001010000
00000000001010001
00000000001010010
00000000001010100
00000000001011000
00000000010000000
00000000010000001
00000000010000010
00000000010000011
00000000010000100
00000000010000101
00000000010000110
00000000010001000
00000000010001001
00000000010001010
00000000010001100
00000000010010000
00000000010010001
00000000010010010
00000000010010100
00000000010011000
00000000011000000
00000000011000001
00000000011000010
00000000011000100
00000000011001000
00000000011010000
00000000100000000
00000000100000001
00000000100000010
00000000100000011
00000000100000100
00000000100000101
00000000100000110
00000000100001000
00000000100001001
00000000100001010
00000000100001100
00000000100010000
00000000100010001
00000000100010010
00000000100010100
00000000100011000
00000000101000000
00000000101000001
00000000101000010
00000000101000100
00000000101001000
00000000101010000
00000000110000000
00000000110000001
00000000110000010
00000000110000100
00000000110001000
00000000110010000
00000000111000000
00000001000000000
00000001000000001
00000001000000010
00000001000000011
00000001000000100
00000001000000101
00000001000000110
00000001000001000
00000001000001001
00000001000001010
00000001000001100
00000001000010000
00000001000010001
00000001000010010
00000001000010100
00000001000011000
00000001001000000
00000001001000001
00000001001000010
00000001001000100
00000001001001000
00000001001010000
00000001010000000
00000001010000001
00000001010000010
00000001010000100
00000001010001000
00000001010010000
00000001011000000
00000001100000000
00000001100000001
00000001100000010
00000001100000100
00000001100001000
00000001100010000
00000001101000000
00000001110000000
00001000000000000
00001000000000001
00001000000000010
00001000000000011
00001000000000100
00001000000000101
00001000000000110
00001000000001000
00001000000001001
00001000000001010
00001000000001100
00001000000010000
00001000000010001
00001000000010010
00001000000010100
00001000000011000
00001000001000000
00001000001000001
00001000001000010
00001000001000100
00001000001001000
00001000001010000
00001000010000000
00001000010000001
00001000010000010
00001000010000100
00001000010001000
00001000010010000
00001000011000000
00001000100000000
00001000100000001
00001000100000010
00001000100000100
00001000100001000
00001000100010000
00001000101000000
00001000110000000
00001001000000000
00001001000000001
00001001000000010
00001001000000100
00001001000001000
00001001000010000
00001001001000000
00001001010000000
00001001100000000
