00000000000000000
00000000000000001
00000000000000010
00000000000000011
00000000000000100
00000000000000101
00000000000000110
00000000000000111
00000000000001000
00000000000001001
00000000000001010
00000000000001011
00000000000001100
00000000000001101
00000000000001110
00000000000001111
00000000000010000
00000000000010001
00000000000010010
00000000000010011
00000000000010100
00000000000010101
00000000000010110
00000000000010111
00000000000011000
00000000000011001
00000000000011010
00000000000011011
00000000000011100
00000000000011101
00000000000011110
00000000000011111
00000000000100000
00000000000100001
00000000000100010
00000000000100011
00000000000100100
00000000000100101
00000000000100110
00000000000100111
00000000000101000
00000000000101001
00000000000101010
00000000000101011
00000000000101100
00000000000101101
00000000000101110
00000000000101111
00000000000110000
00000000000110001
00000000000110010
00000000000110011
00000000000110100
00000000000110101
00000000000110110
00000000000110111
00000000000111000
00000000000111001
00000000000111010
00000000000111011
00000000000111100
00000000000111101
00000000000111110
00000000000111111
00000000010000000
00000000010000001
00000000010000010
00000000010000011
00000000010000100
00000000010000101
00000000010000110
00000000010000111
00000000010001000
00000000010001001
00000000010001010
00000000010001011
00000000010001100
00000000010001101
00000000010001110
00000000010001111
00000000010010000
00000000010010001
00000000010010010
00000000010010011
00000000010010100
00000000010010101
00000000010010110
00000000010010111
00000000010011000
00000000010011001
00000000010011010
00000000010011011
00000000010011100
00000000010011101
00000000010011110
00000000010011111
00000000010100000
00000000010100001
00000000010100010
00000000010100011
00000000010100100
00000000010100101
00000000010100110
00000000010100111
00000000010101000
00000000010101001
00000000010101010
00000000010101011
00000000010101100
00000000010101101
00000000010101110
00000000010101111
00000000010110000
00000000010110001
00000000010110010
00000000010110011
00000000010110100
00000000010110101
00000000010110110
00000000010110111
00000000010111000
00000000010111001
00000000010111010
00000000010111011
00000000010111100
00000000010111101
00000000010111110
00000000010111111
00000000100000000
00000000100000001
00000000100000010
00000000100000011
00000000100000100
00000000100000101
00000000100000110
00000000100000111
00000000100001000
00000000100001001
00000000100001010
00000000100001011
00000000100001100
00000000100001101
00000000100001110
00000000100001111
00000000100010000
00000000100010001
00000000100010010
00000000100010011
00000000100010100
00000000100010101
00000000100010110
00000000100010111
00000000100011000
00000000100011001
00000000100011010
00000000100011011
00000000100011100
00000000100011101
00000000100011110
00000000100011111
00000000100100000
00000000100100001
00000000100100010
00000000100100011
00000000100100100
00000000100100101
00000000100100110
00000000100100111
00000000100101000
00000000100101001
00000000100101010
00000000100101011
00000000100101100
00000000100101101
00000000100101110
00000000100101111
00000000100110000
00000000100110001
00000000100110010
00000000100110011
00000000100110100
00000000100110101
00000000100110110
00000000100110111
00000000100111000
00000000100111001
00000000100111010
00000000100111011
00000000100111100
00000000100111101
00000000100111110
00000000100111111
00000000110000000
00000000110000001
00000000110000010
00000000110000011
00000000110000100
00000000110000101
00000000110000110
00000000110000111
00000000110001000
00000000110001001
00000000110001010
00000000110001011
00000000110001100
00000000110001101
00000000110001110
00000000110001111
00000000110010000
00000000110010001
00000000110010010
00000000110010011
00000000110010100
00000000110010101
00000000110010110
00000000110010111
00000000110011000
00000000110011001
00000000110011010
00000000110011011
00000000110011100
00000000110011101
00000000110011110
00000000110011111
00000000110100000
00000000110100001
00000000110100010
00000000110100011
00000000110100100
00000000110100101
00000000110100110
00000000110100111
00000000110101000
00000000110101001
00000000110101010
00000000110101011
00000000110101100
00000000110101101
00000000110101110
00000000110101111
00000000110110000
00000000110110001
00000000110110010
00000000110110011
00000000110110100
00000000110110101
00000000110110110
00000000110110111
00000000110111000
00000000110111001
00000000110111010
00000000110111011
00000000110111100
00000000110111101
00000000110111110
00000000110111111
00000001000000000
00000001000000001
00000001000000010
00000001000000011
00000001000000100
00000001000000101
00000001000000110
00000001000000111
00000001000001000
00000001000001001
00000001000001010
00000001000001011
00000001000001100
00000001000001101
00000001000001110
00000001000001111
00000001000010000
00000001000010001
00000001000010010
00000001000010011
00000001000010100
00000001000010101
00000001000010110
00000001000010111
00000001000011000
00000001000011001
00000001000011010
00000001000011011
00000001000011100
00000001000011101
00000001000011110
00000001000011111
00000001000100000
00000001000100001
00000001000100010
00000001000100011
00000001000100100
00000001000100101
00000001000100110
00000001000100111
00000001000101000
00000001000101001
00000001000101010
00000001000101011
00000001000101100
00000001000101101
00000001000101110
00000001000101111
00000001000110000
00000001000110001
00000001000110010
00000001000110011
00000001000110100
00000001000110101
00000001000110110
00000001000110111
00000001000111000
00000001000111001
00000001000111010
00000001000111011
00000001000111100
00000001000111101
00000001000111110
00000001000111111
00000001010000000
00000001010000001
00000001010000010
00000001010000011
00000001010000100
00000001010000101
00000001010000110
00000001010000111
00000001010001000
00000001010001001
00000001010001010
00000001010001011
00000001010001100
00000001010001101
00000001010001110
00000001010001111
00000001010010000
00000001010010001
00000001010010010
00000001010010011
00000001010010100
00000001010010101
00000001010010110
00000001010010111
00000001010011000
00000001010011001
00000001010011010
00000001010011011
00000001010011100
00000001010011101
00000001010011110
00000001010011111
00000001010100000
00000001010100001
00000001010100010
00000001010100011
00000001010100100
00000001010100101
00000001010100110
00000001010100111
00000001010101000
00000001010101001
00000001010101010
00000001010101011
00000001010101100
00000001010101101
00000001010101110
00000001010101111
00000001010110000
00000001010110001
00000001010110010
00000001010110011
00000001010110100
00000001010110101
00000001010110110
00000001010110111
00000001010111000
00000001010111001
00000001010111010
00000001010111011
00000001010111100
00000001010111101
00000001010111110
00000001010111111
00000001100000000
00000001100000001
00000001100000010
00000001100000011
00000001100000100
00000001100000101
00000001100000110
00000001100000111
00000001100001000
00000001100001001
00000001100001010
00000001100001011
00000001100001100
00000001100001101
00000001100001110
00000001100001111
00000001100010000
00000001100010001
00000001100010010
00000001100010011
00000001100010100
00000001100010101
00000001100010110
00000001100010111
00000001100011000
00000001100011001
00000001100011010
00000001100011011
00000001100011100
00000001100011101
00000001100011110
00000001100011111
00000001100100000
00000001100100001
00000001100100010
00000001100100011
00000001100100100
00000001100100101
00000001100100110
00000001100100111
00000001100101000
00000001100101001
00000001100101010
00000001100101011
00000001100101100
00000001100101101
00000001100101110
00000001100101111
00000001100110000
00000001100110001
00000001100110010
00000001100110011
00000001100110100
00000001100110101
00000001100110110
00000001100110111
00000001100111000
00000001100111001
00000001100111010
00000001100111011
00000001100111100
00000001100111101
00000001100111110
00000001100111111
00000001110000000
00000001110000001
00000001110000010
00000001110000011
00000001110000100
00000001110000101
00000001110000110
00000001110000111
00000001110001000
00000001110001001
00000001110001010
00000001110001011
00000001110001100
00000001110001101
00000001110001110
00000001110001111
00000001110010000
00000001110010001
00000001110010010
00000001110010011
00000001110010100
00000001110010101
00000001110010110
00000001110010111
00000001110011000
00000001110011001
00000001110011010
00000001110011011
00000001110011100
00000001110011101
00000001110011110
00000001110011111
00000001110100000
00000001110100001
00000001110100010
00000001110100011
00000001110100100
00000001110100101
00000001110100110
00000001110100111
00000001110101000
00000001110101001
00000001110101010
00000001110101011
00000001110101100
00000001110101101
00000001110101110
00000001110101111
00000001110110000
00000001110110001
00000001110110010
00000001110110011
00000001110110100
00000001110110101
00000001110110110
00000001110110111
00000001110111000
00000001110111001
00000001110111010
00000001110111011
00000001110111100
00000001110111101
00000001110111110
00000001110111111
00000010000000000
00000010000000001
00000010000000010
00000010000000011
00000010000000100
00000010000000101
00000010000000110
00000010000000111
00000010000001000
00000010000001001
00000010000001010
00000010000001011
00000010000001100
00000010000001101
00000010000001110
00000010000001111
00000010000010000
00000010000010001
00000010000010010
00000010000010011
00000010000010100
00000010000010101
00000010000010110
00000010000010111
00000010000011000
00000010000011001
00000010000011010
00000010000011011
00000010000011100
00000010000011101
00000010000011110
00000010000011111
00000010000100000
00000010000100001
00000010000100010
00000010000100011
00000010000100100
00000010000100101
00000010000100110
00000010000100111
00000010000101000
00000010000101001
00000010000101010
00000010000101011
00000010000101100
00000010000101101
00000010000101110
00000010000101111
00000010000110000
00000010000110001
00000010000110010
00000010000110011
00000010000110100
00000010000110101
00000010000110110
00000010000110111
00000010000111000
00000010000111001
00000010000111010
00000010000111011
00000010000111100
00000010000111101
00000010000111110
00000010000111111
00000010010000000
00000010010000001
00000010010000010
00000010010000011
00000010010000100
00000010010000101
00000010010000110
00000010010000111
00000010010001000
00000010010001001
00000010010001010
00000010010001011
00000010010001100
00000010010001101
00000010010001110
00000010010001111
00000010010010000
00000010010010001
00000010010010010
00000010010010011
00000010010010100
00000010010010101
00000010010010110
00000010010010111
00000010010011000
00000010010011001
00000010010011010
00000010010011011
00000010010011100
00000010010011101
00000010010011110
00000010010011111
00000010010100000
00000010010100001
00000010010100010
00000010010100011
00000010010100100
00000010010100101
00000010010100110
00000010010100111
00000010010101000
00000010010101001
00000010010101010
00000010010101011
00000010010101100
00000010010101101
00000010010101110
00000010010101111
00000010010110000
00000010010110001
00000010010110010
00000010010110011
00000010010110100
00000010010110101
00000010010110110
00000010010110111
00000010010111000
00000010010111001
00000010010111010
00000010010111011
00000010010111100
00000010010111101
00000010010111110
00000010010111111
00000010100000000
00000010100000001
00000010100000010
00000010100000011
00000010100000100
00000010100000101
00000010100000110
00000010100000111
00000010100001000
00000010100001001
00000010100001010
00000010100001011
00000010100001100
00000010100001101
00000010100001110
00000010100001111
00000010100010000
00000010100010001
00000010100010010
00000010100010011
00000010100010100
00000010100010101
00000010100010110
00000010100010111
00000010100011000
00000010100011001
00000010100011010
00000010100011011
00000010100011100
00000010100011101
00000010100011110
00000010100011111
00000010100100000
00000010100100001
00000010100100010
00000010100100011
00000010100100100
00000010100100101
00000010100100110
00000010100100111
00000010100101000
00000010100101001
00000010100101010
00000010100101011
00000010100101100
00000010100101101
00000010100101110
00000010100101111
00000010100110000
00000010100110001
00000010100110010
00000010100110011
00000010100110100
00000010100110101
00000010100110110
00000010100110111
00000010100111000
00000010100111001
00000010100111010
00000010100111011
00000010100111100
00000010100111101
00000010100111110
00000010100111111
00000010110000000
00000010110000001
00000010110000010
00000010110000011
00000010110000100
00000010110000101
00000010110000110
00000010110000111
00000010110001000
00000010110001001
00000010110001010
00000010110001011
00000010110001100
00000010110001101
00000010110001110
00000010110001111
00000010110010000
00000010110010001
00000010110010010
00000010110010011
00000010110010100
00000010110010101
00000010110010110
00000010110010111
00000010110011000
00000010110011001
00000010110011010
00000010110011011
00000010110011100
00000010110011101
00000010110011110
00000010110011111
00000010110100000
00000010110100001
00000010110100010
00000010110100011
00000010110100100
00000010110100101
00000010110100110
00000010110100111
00000010110101000
00000010110101001
00000010110101010
00000010110101011
00000010110101100
00000010110101101
00000010110101110
00000010110101111
00000010110110000
00000010110110001
00000010110110010
00000010110110011
00000010110110100
00000010110110101
00000010110110110
00000010110110111
00000010110111000
00000010110111001
00000010110111010
00000010110111011
00000010110111100
00000010110111101
00000010110111110
00000010110111111
00000011000000000
00000011000000001
00000011000000010
00000011000000011
00000011000000100
00000011000000101
00000011000000110
00000011000000111
00000011000001000
00000011000001001
00000011000001010
00000011000001011
00000011000001100
00000011000001101
00000011000001110
00000011000001111
00000011000010000
00000011000010001
00000011000010010
00000011000010011
00000011000010100
00000011000010101
00000011000010110
00000011000010111
00000011000011000
00000011000011001
00000011000011010
00000011000011011
00000011000011100
00000011000011101
00000011000011110
00000011000011111
00000011000100000
00000011000100001
00000011000100010
00000011000100011
00000011000100100
00000011000100101
00000011000100110
00000011000100111
00000011000101000
00000011000101001
00000011000101010
00000011000101011
00000011000101100
00000011000101101
00000011000101110
00000011000101111
00000011000110000
00000011000110001
00000011000110010
00000011000110011
00000011000110100
00000011000110101
00000011000110110
00000011000110111
00000011000111000
00000011000111001
00000011000111010
00000011000111011
00000011000111100
00000011000111101
00000011000111110
00000011000111111
00000011010000000
00000011010000001
00000011010000010
00000011010000011
00000011010000100
00000011010000101
00000011010000110
00000011010000111
00000011010001000
00000011010001001
00000011010001010
00000011010001011
00000011010001100
00000011010001101
00000011010001110
00000011010001111
00000011010010000
00000011010010001
00000011010010010
00000011010010011
00000011010010100
00000011010010101
00000011010010110
00000011010010111
00000011010011000
00000011010011001
00000011010011010
00000011010011011
00000011010011100
00000011010011101
00000011010011110
00000011010011111
00000011010100000
00000011010100001
00000011010100010
00000011010100011
00000011010100100
00000011010100101
00000011010100110
00000011010100111
00000011010101000
00000011010101001
00000011010101010
00000011010101011
00000011010101100
00000011010101101
00000011010101110
00000011010101111
00000011010110000
00000011010110001
00000011010110010
00000011010110011
00000011010110100
00000011010110101
00000011010110110
00000011010110111
00000011010111000
00000011010111001
00000011010111010
00000011010111011
00000011010111100
00000011010111101
00000011010111110
00000011010111111
00000011100000000
00000011100000001
00000011100000010
00000011100000011
00000011100000100
00000011100000101
00000011100000110
00000011100000111
00000011100001000
00000011100001001
00000011100001010
00000011100001011
00000011100001100
00000011100001101
00000011100001110
00000011100001111
00000011100010000
00000011100010001
00000011100010010
00000011100010011
00000011100010100
00000011100010101
00000011100010110
00000011100010111
00000011100011000
00000011100011001
00000011100011010
00000011100011011
00000011100011100
00000011100011101
00000011100011110
00000011100011111
00000011100100000
00000011100100001
00000011100100010
00000011100100011
00000011100100100
00000011100100101
00000011100100110
00000011100100111
00000011100101000
00000011100101001
00000011100101010
00000011100101011
00000011100101100
00000011100101101
00000011100101110
00000011100101111
00000011100110000
00000011100110001
00000011100110010
00000011100110011
00000011100110100
00000011100110101
00000011100110110
00000011100110111
00000011100111000
00000011100111001
00000011100111010
00000011100111011
00000011100111100
00000011100111101
00000011100111110
00000011100111111
00000011110000000
00000011110000001
00000011110000010
00000011110000011
00000011110000100
00000011110000101
00000011110000110
00000011110000111
00000011110001000
00000011110001001
00000011110001010
00000011110001011
00000011110001100
00000011110001101
00000011110001110
00000011110001111
00000011110010000
00000011110010001
00000011110010010
00000011110010011
00000011110010100
00000011110010101
00000011110010110
00000011110010111
00000011110011000
00000011110011001
00000011110011010
00000011110011011
00000011110011100
00000011110011101
00000011110011110
00000011110011111
00000011110100000
00000011110100001
00000011110100010
00000011110100011
00000011110100100
00000011110100101
00000011110100110
00000011110100111
00000011110101000
00000011110101001
00000011110101010
00000011110101011
00000011110101100
00000011110101101
00000011110101110
00000011110101111
00000011110110000
00000011110110001
00000011110110010
00000011110110011
00000011110110100
00000011110110101
00000011110110110
00000011110110111
00000011110111000
00000011110111001
00000011110111010
00000011110111011
00000011110111100
00000011110111101
00000011110111110
00000011110111111
