00000000000000000
00000000000000001
00000000000000010
00000000000000011
00000000000000100
00000000000000101
00000000000000110
00000000000000111
00000000000001000
00000000000001001
00000000000001010
00000000000001011
00000000000001100
00000000000001101
00000000000001110
00000000000010000
00000000000010001
00000000000010010
00000000000010011
00000000000010100
00000000000010101
00000000000010110
00000000000011000
00000000000011001
00000000000011010
00000000000011100
00000000000100000
00000000000100001
00000000000100010
00000000000100011
00000000000100100
00000000000100101
00000000000100110
00000000000101000
00000000000101001
00000000000101010
00000000000101100
00000000000110000
00000000000110001
00000000000110010
00000000000110100
00000000000111000
00000000001000000
00000000001000001
00000000001000010
00000000001000011
00000000001000100
00000000001000101
00000000001000110
00000000001001000
00000000001001001
00000000001001010
00000000001001100
00000000001010000
00000000001010001
00000000001010010
00000000001010100
00000000001011000
00000000001100000
00000000001100001
00000000001100010
00000000001100100
00000000001101000
00000000001110000
00010000000000000
00010000000000001
00010000000000010
00010000000000011
00010000000000100
00010000000000101
00010000000000110
00010000000001000
00010000000001001
00010000000001010
00010000000001100
00010000000010000
00010000000010001
00010000000010010
00010000000010100
00010000000011000
00010000000100000
00010000000100001
00010000000100010
00010000000100100
00010000000101000
00010000000110000
00010000001000000
00010000001000001
00010000001000010
00010000001000100
00010000001001000
00010000001010000
00010000001100000
01000000000000000
01000000000000001
01000000000000010
01000000000000011
01000000000000100
01000000000000101
01000000000000110
01000000000001000
01000000000001001
01000000000001010
01000000000001100
01000000000010000
01000000000010001
01000000000010010
01000000000010100
01000000000011000
01000000000100000
01000000000100001
01000000000100010
01000000000100100
01000000000101000
01000000000110000
01000000001000000
01000000001000001
01000000001000010
01000000001000100
01000000001001000
01000000001010000
01000000001100000
01010000000000000
01010000000000001
01010000000000010
01010000000000100
01010000000001000
01010000000010000
01010000000100000
01010000001000000
10000000000000000
10000000000000001
10000000000000010
10000000000000011
10000000000000100
10000000000000101
10000000000000110
10000000000001000
10000000000001001
10000000000001010
10000000000001100
10000000000010000
10000000000010001
10000000000010010
10000000000010100
10000000000011000
10000000000100000
10000000000100001
10000000000100010
10000000000100100
10000000000101000
10000000000110000
10000000001000000
10000000001000001
10000000001000010
10000000001000100
10000000001001000
10000000001010000
10000000001100000
10010000000000000
10010000000000001
10010000000000010
10010000000000100
10010000000001000
10010000000010000
10010000000100000
10010000001000000
11000000000000000
11000000000000001
11000000000000010
11000000000000100
11000000000001000
11000000000010000
11000000000100000
11000000001000000
11010000000000000
