00000000000000000
00000000010000000
00000000100000000
00000000110000000
00000001000000000
00000001010000000
00000001100000000
00000001110000000
00000010000000000
00000010010000000
00000010100000000
00000010110000000
00000011000000000
00000011010000000
00000011100000000
00000011110000000
00000100000000000
00000100010000000
00000100100000000
00000100110000000
00000101000000000
00000101010000000
00000101100000000
00000101110000000
00000110000000000
00000110010000000
00000110100000000
00000110110000000
00000111000000000
00000111010000000
00000111100000000
00000111110000000
00001000000000000
00001000010000000
00001000100000000
00001000110000000
00001001000000000
00001001010000000
00001001100000000
00001001110000000
00001010000000000
00001010010000000
00001010100000000
00001010110000000
00001011000000000
00001011010000000
00001011100000000
00001011110000000
00001100000000000
00001100010000000
00001100100000000
00001100110000000
00001101000000000
00001101010000000
00001101100000000
00001101110000000
00001110000000000
00001110010000000
00001110100000000
00001110110000000
00001111000000000
00001111010000000
00001111100000000
00001111110000000
00010000000000000
00010000010000000
00010000100000000
00010000110000000
00010001000000000
00010001010000000
00010001100000000
00010001110000000
00010010000000000
00010010010000000
00010010100000000
00010010110000000
00010011000000000
00010011010000000
00010011100000000
00010011110000000
00010100000000000
00010100010000000
00010100100000000
00010100110000000
00010101000000000
00010101010000000
00010101100000000
00010101110000000
00010110000000000
00010110010000000
00010110100000000
00010110110000000
00010111000000000
00010111010000000
00010111100000000
00010111110000000
00011000000000000
00011000010000000
00011000100000000
00011000110000000
00011001000000000
00011001010000000
00011001100000000
00011001110000000
00011010000000000
00011010010000000
00011010100000000
00011010110000000
00011011000000000
00011011010000000
00011011100000000
00011011110000000
00011100000000000
00011100010000000
00011100100000000
00011100110000000
00011101000000000
00011101010000000
00011101100000000
00011101110000000
00011110000000000
00011110010000000
00011110100000000
00011110110000000
00011111000000000
00011111010000000
00011111100000000
00011111110000000
00100000000000000
00100000010000000
00100000100000000
00100000110000000
00100001000000000
00100001010000000
00100001100000000
00100001110000000
00100010000000000
00100010010000000
00100010100000000
00100010110000000
00100011000000000
00100011010000000
00100011100000000
00100011110000000
00100100000000000
00100100010000000
00100100100000000
00100100110000000
00100101000000000
00100101010000000
00100101100000000
00100101110000000
00100110000000000
00100110010000000
00100110100000000
00100110110000000
00100111000000000
00100111010000000
00100111100000000
00100111110000000
00101000000000000
00101000010000000
00101000100000000
00101000110000000
00101001000000000
00101001010000000
00101001100000000
00101001110000000
00101010000000000
00101010010000000
00101010100000000
00101010110000000
00101011000000000
00101011010000000
00101011100000000
00101011110000000
00101100000000000
00101100010000000
00101100100000000
00101100110000000
00101101000000000
00101101010000000
00101101100000000
00101101110000000
00101110000000000
00101110010000000
00101110100000000
00101110110000000
00101111000000000
00101111010000000
00101111100000000
00101111110000000
00110000000000000
00110000010000000
00110000100000000
00110000110000000
00110001000000000
00110001010000000
00110001100000000
00110001110000000
00110010000000000
00110010010000000
00110010100000000
00110010110000000
00110011000000000
00110011010000000
00110011100000000
00110011110000000
00110100000000000
00110100010000000
00110100100000000
00110100110000000
00110101000000000
00110101010000000
00110101100000000
00110101110000000
00110110000000000
00110110010000000
00110110100000000
00110110110000000
00110111000000000
00110111010000000
00110111100000000
00110111110000000
00111000000000000
00111000010000000
00111000100000000
00111000110000000
00111001000000000
00111001010000000
00111001100000000
00111001110000000
00111010000000000
00111010010000000
00111010100000000
00111010110000000
00111011000000000
00111011010000000
00111011100000000
00111011110000000
00111100000000000
00111100010000000
00111100100000000
00111100110000000
00111101000000000
00111101010000000
00111101100000000
00111101110000000
00111110000000000
00111110010000000
00111110100000000
00111110110000000
00111111000000000
00111111010000000
00111111100000000
00111111110000000
10000000000000000
10000000010000000
10000000100000000
10000000110000000
10000001000000000
10000001010000000
10000001100000000
10000001110000000
10000010000000000
10000010010000000
10000010100000000
10000010110000000
10000011000000000
10000011010000000
10000011100000000
10000011110000000
10000100000000000
10000100010000000
10000100100000000
10000100110000000
10000101000000000
10000101010000000
10000101100000000
10000101110000000
10000110000000000
10000110010000000
10000110100000000
10000110110000000
10000111000000000
10000111010000000
10000111100000000
10000111110000000
10001000000000000
10001000010000000
10001000100000000
10001000110000000
10001001000000000
10001001010000000
10001001100000000
10001001110000000
10001010000000000
10001010010000000
10001010100000000
10001010110000000
10001011000000000
10001011010000000
10001011100000000
10001011110000000
10001100000000000
10001100010000000
10001100100000000
10001100110000000
10001101000000000
10001101010000000
10001101100000000
10001101110000000
10001110000000000
10001110010000000
10001110100000000
10001110110000000
10001111000000000
10001111010000000
10001111100000000
10001111110000000
10010000000000000
10010000010000000
10010000100000000
10010000110000000
10010001000000000
10010001010000000
10010001100000000
10010001110000000
10010010000000000
10010010010000000
10010010100000000
10010010110000000
10010011000000000
10010011010000000
10010011100000000
10010011110000000
10010100000000000
10010100010000000
10010100100000000
10010100110000000
10010101000000000
10010101010000000
10010101100000000
10010101110000000
10010110000000000
10010110010000000
10010110100000000
10010110110000000
10010111000000000
10010111010000000
10010111100000000
10010111110000000
10011000000000000
10011000010000000
10011000100000000
10011000110000000
10011001000000000
10011001010000000
10011001100000000
10011001110000000
10011010000000000
10011010010000000
10011010100000000
10011010110000000
10011011000000000
10011011010000000
10011011100000000
10011011110000000
10011100000000000
10011100010000000
10011100100000000
10011100110000000
10011101000000000
10011101010000000
10011101100000000
10011101110000000
10011110000000000
10011110010000000
10011110100000000
10011110110000000
10011111000000000
10011111010000000
10011111100000000
10011111110000000
10100000000000000
10100000010000000
10100000100000000
10100000110000000
10100001000000000
10100001010000000
10100001100000000
10100001110000000
10100010000000000
10100010010000000
10100010100000000
10100010110000000
10100011000000000
10100011010000000
10100011100000000
10100011110000000
10100100000000000
10100100010000000
10100100100000000
10100100110000000
10100101000000000
10100101010000000
10100101100000000
10100101110000000
10100110000000000
10100110010000000
10100110100000000
10100110110000000
10100111000000000
10100111010000000
10100111100000000
10100111110000000
10101000000000000
10101000010000000
10101000100000000
10101000110000000
10101001000000000
10101001010000000
10101001100000000
10101001110000000
10101010000000000
10101010010000000
10101010100000000
10101010110000000
10101011000000000
10101011010000000
10101011100000000
10101011110000000
10101100000000000
10101100010000000
10101100100000000
10101100110000000
10101101000000000
10101101010000000
10101101100000000
10101101110000000
10101110000000000
10101110010000000
10101110100000000
10101110110000000
10101111000000000
10101111010000000
10101111100000000
10101111110000000
10110000000000000
10110000010000000
10110000100000000
10110000110000000
10110001000000000
10110001010000000
10110001100000000
10110001110000000
10110010000000000
10110010010000000
10110010100000000
10110010110000000
10110011000000000
10110011010000000
10110011100000000
10110011110000000
10110100000000000
10110100010000000
10110100100000000
10110100110000000
10110101000000000
10110101010000000
10110101100000000
10110101110000000
10110110000000000
10110110010000000
10110110100000000
10110110110000000
10110111000000000
10110111010000000
10110111100000000
10110111110000000
10111000000000000
10111000010000000
10111000100000000
10111000110000000
10111001000000000
10111001010000000
10111001100000000
10111001110000000
10111010000000000
10111010010000000
10111010100000000
10111010110000000
10111011000000000
10111011010000000
10111011100000000
10111011110000000
10111100000000000
10111100010000000
10111100100000000
10111100110000000
10111101000000000
10111101010000000
10111101100000000
10111101110000000
10111110000000000
10111110010000000
10111110100000000
10111110110000000
10111111000000000
10111111010000000
10111111100000000
10111111110000000
