00000000000000000
00000000000000001
00000000000000010
00000000000000011
00000000000010000
00000000000010001
00000000000010010
00000000000010011
00000100000000000
00000100000000001
00000100000000010
00000100000000011
00000100000010000
00000100000010001
00000100000010010
00000100000010011
00010000000000000
00010000000000001
00010000000000010
00010000000000011
00010000000010000
00010000000010001
00010000000010010
00010000000010011
00010100000000000
00010100000000001
00010100000000010
00010100000000011
00010100000010000
00010100000010001
00010100000010010
00010100000010011
00100000000000000
00100000000000001
00100000000000010
00100000000000011
00100000000010000
00100000000010001
00100000000010010
00100000000010011
00100100000000000
00100100000000001
00100100000000010
00100100000000011
00100100000010000
00100100000010001
00100100000010010
00100100000010011
00110000000000000
00110000000000001
00110000000000010
00110000000000011
00110000000010000
00110000000010001
00110000000010010
00110000000010011
00110100000000000
00110100000000001
00110100000000010
00110100000000011
00110100000010000
00110100000010001
00110100000010010
00110100000010011
01000000000000000
01000000000000001
01000000000000010
01000000000000011
01000000000010000
01000000000010001
01000000000010010
01000000000010011
01000100000000000
01000100000000001
01000100000000010
01000100000000011
01000100000010000
01000100000010001
01000100000010010
01000100000010011
01010000000000000
01010000000000001
01010000000000010
01010000000000011
01010000000010000
01010000000010001
01010000000010010
01010000000010011
01010100000000000
01010100000000001
01010100000000010
01010100000000011
01010100000010000
01010100000010001
01010100000010010
01010100000010011
01100000000000000
01100000000000001
01100000000000010
01100000000000011
01100000000010000
01100000000010001
01100000000010010
01100000000010011
01100100000000000
01100100000000001
01100100000000010
01100100000000011
01100100000010000
01100100000010001
01100100000010010
01100100000010011
01110000000000000
01110000000000001
01110000000000010
01110000000000011
01110000000010000
01110000000010001
01110000000010010
01110000000010011
01110100000000000
01110100000000001
01110100000000010
01110100000000011
01110100000010000
01110100000010001
01110100000010010
01110100000010011
10000000000000000
10000000000000001
10000000000000010
10000000000000011
10000000000010000
10000000000010001
10000000000010010
10000000000010011
10000100000000000
10000100000000001
10000100000000010
10000100000000011
10000100000010000
10000100000010001
10000100000010010
10000100000010011
10010000000000000
10010000000000001
10010000000000010
10010000000000011
10010000000010000
10010000000010001
10010000000010010
10010000000010011
10010100000000000
10010100000000001
10010100000000010
10010100000000011
10010100000010000
10010100000010001
10010100000010010
10010100000010011
10100000000000000
10100000000000001
10100000000000010
10100000000000011
10100000000010000
10100000000010001
10100000000010010
10100000000010011
10100100000000000
10100100000000001
10100100000000010
10100100000000011
10100100000010000
10100100000010001
10100100000010010
10100100000010011
10110000000000000
10110000000000001
10110000000000010
10110000000000011
10110000000010000
10110000000010001
10110000000010010
10110000000010011
10110100000000000
10110100000000001
10110100000000010
10110100000000011
10110100000010000
10110100000010001
10110100000010010
10110100000010011
11000000000000000
11000000000000001
11000000000000010
11000000000000011
11000000000010000
11000000000010001
11000000000010010
11000000000010011
11000100000000000
11000100000000001
11000100000000010
11000100000000011
11000100000010000
11000100000010001
11000100000010010
11000100000010011
11010000000000000
11010000000000001
11010000000000010
11010000000000011
11010000000010000
11010000000010001
11010000000010010
11010000000010011
11010100000000000
11010100000000001
11010100000000010
11010100000000011
11010100000010000
11010100000010001
11010100000010010
11010100000010011
11100000000000000
11100000000000001
11100000000000010
11100000000000011
11100000000010000
11100000000010001
11100000000010010
11100000000010011
11100100000000000
11100100000000001
11100100000000010
11100100000000011
11100100000010000
11100100000010001
11100100000010010
11100100000010011
11110000000000000
11110000000000001
11110000000000010
11110000000000011
11110000000010000
11110000000010001
11110000000010010
11110000000010011
11110100000000000
11110100000000001
11110100000000010
11110100000000011
11110100000010000
11110100000010001
11110100000010010
11110100000010011
