00000000000000000
00000000000000010
00000000000000100
00000000000000110
00000000000001000
00000000000001010
00000000000001100
00000000000001110
00000000000010000
00000000000010010
00000000000010100
00000000000010110
00000000000011000
00000000000011010
00000000000011100
00000000000011110
00000100000000000
00000100000000010
00000100000000100
00000100000000110
00000100000001000
00000100000001010
00000100000001100
00000100000001110
00000100000010000
00000100000010010
00000100000010100
00000100000010110
00000100000011000
00000100000011010
00000100000011100
00000100000011110
00001000000000000
00001000000000010
00001000000000100
00001000000000110
00001000000001000
00001000000001010
00001000000001100
00001000000001110
00001000000010000
00001000000010010
00001000000010100
00001000000010110
00001000000011000
00001000000011010
00001000000011100
00001000000011110
00001100000000000
00001100000000010
00001100000000100
00001100000000110
00001100000001000
00001100000001010
00001100000001100
00001100000001110
00001100000010000
00001100000010010
00001100000010100
00001100000010110
00001100000011000
00001100000011010
00001100000011100
00001100000011110
00010000000000000
00010000000000010
00010000000000100
00010000000000110
00010000000001000
00010000000001010
00010000000001100
00010000000001110
00010000000010000
00010000000010010
00010000000010100
00010000000010110
00010000000011000
00010000000011010
00010000000011100
00010000000011110
00010100000000000
00010100000000010
00010100000000100
00010100000000110
00010100000001000
00010100000001010
00010100000001100
00010100000001110
00010100000010000
00010100000010010
00010100000010100
00010100000010110
00010100000011000
00010100000011010
00010100000011100
00010100000011110
00011000000000000
00011000000000010
00011000000000100
00011000000000110
00011000000001000
00011000000001010
00011000000001100
00011000000001110
00011000000010000
00011000000010010
00011000000010100
00011000000010110
00011000000011000
00011000000011010
00011000000011100
00011000000011110
00011100000000000
00011100000000010
00011100000000100
00011100000000110
00011100000001000
00011100000001010
00011100000001100
00011100000001110
00011100000010000
00011100000010010
00011100000010100
00011100000010110
00011100000011000
00011100000011010
00011100000011100
00011100000011110
00100000000000000
00100000000000010
00100000000000100
00100000000000110
00100000000001000
00100000000001010
00100000000001100
00100000000001110
00100000000010000
00100000000010010
00100000000010100
00100000000010110
00100000000011000
00100000000011010
00100000000011100
00100000000011110
00100100000000000
00100100000000010
00100100000000100
00100100000000110
00100100000001000
00100100000001010
00100100000001100
00100100000001110
00100100000010000
00100100000010010
00100100000010100
00100100000010110
00100100000011000
00100100000011010
00100100000011100
00100100000011110
00101000000000000
00101000000000010
00101000000000100
00101000000000110
00101000000001000
00101000000001010
00101000000001100
00101000000001110
00101000000010000
00101000000010010
00101000000010100
00101000000010110
00101000000011000
00101000000011010
00101000000011100
00101000000011110
00101100000000000
00101100000000010
00101100000000100
00101100000000110
00101100000001000
00101100000001010
00101100000001100
00101100000001110
00101100000010000
00101100000010010
00101100000010100
00101100000010110
00101100000011000
00101100000011010
00101100000011100
00101100000011110
00110000000000000
00110000000000010
00110000000000100
00110000000000110
00110000000001000
00110000000001010
00110000000001100
00110000000001110
00110000000010000
00110000000010010
00110000000010100
00110000000010110
00110000000011000
00110000000011010
00110000000011100
00110000000011110
00110100000000000
00110100000000010
00110100000000100
00110100000000110
00110100000001000
00110100000001010
00110100000001100
00110100000001110
00110100000010000
00110100000010010
00110100000010100
00110100000010110
00110100000011000
00110100000011010
00110100000011100
00110100000011110
00111000000000000
00111000000000010
00111000000000100
00111000000000110
00111000000001000
00111000000001010
00111000000001100
00111000000001110
00111000000010000
00111000000010010
00111000000010100
00111000000010110
00111000000011000
00111000000011010
00111000000011100
00111000000011110
00111100000000000
00111100000000010
00111100000000100
00111100000000110
00111100000001000
00111100000001010
00111100000001100
00111100000001110
00111100000010000
00111100000010010
00111100000010100
00111100000010110
00111100000011000
00111100000011010
00111100000011100
00111100000011110
10000000000000000
10000000000000010
10000000000000100
10000000000000110
10000000000001000
10000000000001010
10000000000001100
10000000000001110
10000000000010000
10000000000010010
10000000000010100
10000000000010110
10000000000011000
10000000000011010
10000000000011100
10000000000011110
10000100000000000
10000100000000010
10000100000000100
10000100000000110
10000100000001000
10000100000001010
10000100000001100
10000100000001110
10000100000010000
10000100000010010
10000100000010100
10000100000010110
10000100000011000
10000100000011010
10000100000011100
10000100000011110
10001000000000000
10001000000000010
10001000000000100
10001000000000110
10001000000001000
10001000000001010
10001000000001100
10001000000001110
10001000000010000
10001000000010010
10001000000010100
10001000000010110
10001000000011000
10001000000011010
10001000000011100
10001000000011110
10001100000000000
10001100000000010
10001100000000100
10001100000000110
10001100000001000
10001100000001010
10001100000001100
10001100000001110
10001100000010000
10001100000010010
10001100000010100
10001100000010110
10001100000011000
10001100000011010
10001100000011100
10001100000011110
10010000000000000
10010000000000010
10010000000000100
10010000000000110
10010000000001000
10010000000001010
10010000000001100
10010000000001110
10010000000010000
10010000000010010
10010000000010100
10010000000010110
10010000000011000
10010000000011010
10010000000011100
10010000000011110
10010100000000000
10010100000000010
10010100000000100
10010100000000110
10010100000001000
10010100000001010
10010100000001100
10010100000001110
10010100000010000
10010100000010010
10010100000010100
10010100000010110
10010100000011000
10010100000011010
10010100000011100
10010100000011110
10011000000000000
10011000000000010
10011000000000100
10011000000000110
10011000000001000
10011000000001010
10011000000001100
10011000000001110
10011000000010000
10011000000010010
10011000000010100
10011000000010110
10011000000011000
10011000000011010
10011000000011100
10011000000011110
10011100000000000
10011100000000010
10011100000000100
10011100000000110
10011100000001000
10011100000001010
10011100000001100
10011100000001110
10011100000010000
10011100000010010
10011100000010100
10011100000010110
10011100000011000
10011100000011010
10011100000011100
10011100000011110
10100000000000000
10100000000000010
10100000000000100
10100000000000110
10100000000001000
10100000000001010
10100000000001100
10100000000001110
10100000000010000
10100000000010010
10100000000010100
10100000000010110
10100000000011000
10100000000011010
10100000000011100
10100000000011110
10100100000000000
10100100000000010
10100100000000100
10100100000000110
10100100000001000
10100100000001010
10100100000001100
10100100000001110
10100100000010000
10100100000010010
10100100000010100
10100100000010110
10100100000011000
10100100000011010
10100100000011100
10100100000011110
10101000000000000
10101000000000010
10101000000000100
10101000000000110
10101000000001000
10101000000001010
10101000000001100
10101000000001110
10101000000010000
10101000000010010
10101000000010100
10101000000010110
10101000000011000
10101000000011010
10101000000011100
10101000000011110
10101100000000000
10101100000000010
10101100000000100
10101100000000110
10101100000001000
10101100000001010
10101100000001100
10101100000001110
10101100000010000
10101100000010010
10101100000010100
10101100000010110
10101100000011000
10101100000011010
10101100000011100
10101100000011110
10110000000000000
10110000000000010
10110000000000100
10110000000000110
10110000000001000
10110000000001010
10110000000001100
10110000000001110
10110000000010000
10110000000010010
10110000000010100
10110000000010110
10110000000011000
10110000000011010
10110000000011100
10110000000011110
10110100000000000
10110100000000010
10110100000000100
10110100000000110
10110100000001000
10110100000001010
10110100000001100
10110100000001110
10110100000010000
10110100000010010
10110100000010100
10110100000010110
10110100000011000
10110100000011010
10110100000011100
10110100000011110
10111000000000000
10111000000000010
10111000000000100
10111000000000110
10111000000001000
10111000000001010
10111000000001100
10111000000001110
10111000000010000
10111000000010010
10111000000010100
10111000000010110
10111000000011000
10111000000011010
10111000000011100
10111000000011110
10111100000000000
10111100000000010
10111100000000100
10111100000000110
10111100000001000
10111100000001010
10111100000001100
10111100000001110
10111100000010000
10111100000010010
10111100000010100
10111100000010110
10111100000011000
10111100000011010
10111100000011100
10111100000011110
