00000000000000000
00000000000000001
00000000000000010
00000000000000011
00000000000000100
00000000000000101
00000000000000110
00000000000000111
00000000000010000
00000000000010001
00000000000010010
00000000000010011
00000000000010100
00000000000010101
00000000000010110
00000000000100000
00000000000100001
00000000000100010
00000000000100011
00000000000100100
00000000000100101
00000000000100110
00000000000110000
00000000000110001
00000000000110010
00000000000110100
00000000001000000
00000000001000001
00000000001000010
00000000001000011
00000000001000100
00000000001000101
00000000001000110
00000000001010000
00000000001010001
00000000001010010
00000000001010100
00000000001100000
00000000001100001
00000000001100010
00000000001100100
00000000001110000
00000000010000000
00000000010000001
00000000010000010
00000000010000011
00000000010000100
00000000010000101
00000000010000110
00000000010010000
00000000010010001
00000000010010010
00000000010010100
00000000010100000
00000000010100001
00000000010100010
00000000010100100
00000000010110000
00000000011000000
00000000011000001
00000000011000010
00000000011000100
00000000011010000
00000000011100000
