00000000000000000
00000000000000001
00000000010000000
00000000010000001
00000001000000000
00000001000000001
00000001010000000
00000001010000001
00000010000000000
00000010000000001
00000010010000000
00000010010000001
00000011000000000
00000011000000001
00000011010000000
00000100000000000
00000100000000001
00000100010000000
00000100010000001
00000101000000000
00000101000000001
00000101010000000
00000110000000000
00000110000000001
00000110010000000
00000111000000000
00001000000000000
00001000000000001
00001000010000000
00001000010000001
00001001000000000
00001001000000001
00001001010000000
00001010000000000
00001010000000001
00001010010000000
00001011000000000
00001100000000000
00001100000000001
00001100010000000
00001101000000000
00001110000000000
01000000000000000
01000000000000001
01000000010000000
01000000010000001
01000001000000000
01000001000000001
01000001010000000
01000010000000000
01000010000000001
01000010010000000
01000011000000000
01000100000000000
01000100000000001
01000100010000000
01000101000000000
01000110000000000
01001000000000000
01001000000000001
01001000010000000
01001001000000000
01001010000000000
01001100000000000
10000000000000000
10000000000000001
10000000010000000
10000000010000001
10000001000000000
10000001000000001
10000001010000000
10000010000000000
10000010000000001
10000010010000000
10000011000000000
10000100000000000
10000100000000001
10000100010000000
10000101000000000
10000110000000000
10001000000000000
10001000000000001
10001000010000000
10001001000000000
10001010000000000
10001100000000000
11000000000000000
11000000000000001
11000000010000000
11000001000000000
11000010000000000
11000100000000000
11001000000000000
