00000000000000000
00000000000000001
00000000000000010
00000000000000011
00000000000010000
00000000000010001
00000000000010010
00000000000010011
00000000000100000
00000000000100001
00000000000100010
00000000000100011
00000000000110000
00000000000110001
00000000000110010
00000000000110011
00000000001000000
00000000001000001
00000000001000010
00000000001000011
00000000001010000
00000000001010001
00000000001010010
00000000001010011
00000000001100000
00000000001100001
00000000001100010
00000000001100011
00000000001110000
00000000001110001
00000000001110010
00000000001110011
00000000010000000
00000000010000001
00000000010000010
00000000010000011
00000000010010000
00000000010010001
00000000010010010
00000000010010011
00000000010100000
00000000010100001
00000000010100010
00000000010100011
00000000010110000
00000000010110001
00000000010110010
00000000010110011
00000000011000000
00000000011000001
00000000011000010
00000000011000011
00000000011010000
00000000011010001
00000000011010010
00000000011010011
00000000011100000
00000000011100001
00000000011100010
00000000011100011
00000000011110000
00000000011110001
00000000011110010
00000000011110011
00000000100000000
00000000100000001
00000000100000010
00000000100000011
00000000100010000
00000000100010001
00000000100010010
00000000100010011
00000000100100000
00000000100100001
00000000100100010
00000000100100011
00000000100110000
00000000100110001
00000000100110010
00000000100110011
00000000101000000
00000000101000001
00000000101000010
00000000101000011
00000000101010000
00000000101010001
00000000101010010
00000000101010011
00000000101100000
00000000101100001
00000000101100010
00000000101100011
00000000101110000
00000000101110001
00000000101110010
00000000101110011
00000000110000000
00000000110000001
00000000110000010
00000000110000011
00000000110010000
00000000110010001
00000000110010010
00000000110010011
00000000110100000
00000000110100001
00000000110100010
00000000110100011
00000000110110000
00000000110110001
00000000110110010
00000000110110011
00000000111000000
00000000111000001
00000000111000010
00000000111000011
00000000111010000
00000000111010001
00000000111010010
00000000111010011
00000000111100000
00000000111100001
00000000111100010
00000000111100011
00000000111110000
00000000111110001
00000000111110010
00000000111110011
00000001000000000
00000001000000001
00000001000000010
00000001000000011
00000001000010000
00000001000010001
00000001000010010
00000001000010011
00000001000100000
00000001000100001
00000001000100010
00000001000100011
00000001000110000
00000001000110001
00000001000110010
00000001000110011
00000001001000000
00000001001000001
00000001001000010
00000001001000011
00000001001010000
00000001001010001
00000001001010010
00000001001010011
00000001001100000
00000001001100001
00000001001100010
00000001001100011
00000001001110000
00000001001110001
00000001001110010
00000001001110011
00000001010000000
00000001010000001
00000001010000010
00000001010000011
00000001010010000
00000001010010001
00000001010010010
00000001010010011
00000001010100000
00000001010100001
00000001010100010
00000001010100011
00000001010110000
00000001010110001
00000001010110010
00000001010110011
00000001011000000
00000001011000001
00000001011000010
00000001011000011
00000001011010000
00000001011010001
00000001011010010
00000001011010011
00000001011100000
00000001011100001
00000001011100010
00000001011100011
00000001011110000
00000001011110001
00000001011110010
00000001011110011
00000001100000000
00000001100000001
00000001100000010
00000001100000011
00000001100010000
00000001100010001
00000001100010010
00000001100010011
00000001100100000
00000001100100001
00000001100100010
00000001100100011
00000001100110000
00000001100110001
00000001100110010
00000001100110011
00000001101000000
00000001101000001
00000001101000010
00000001101000011
00000001101010000
00000001101010001
00000001101010010
00000001101010011
00000001101100000
00000001101100001
00000001101100010
00000001101100011
00000001101110000
00000001101110001
00000001101110010
00000001101110011
00000001110000000
00000001110000001
00000001110000010
00000001110000011
00000001110010000
00000001110010001
00000001110010010
00000001110010011
00000001110100000
00000001110100001
00000001110100010
00000001110100011
00000001110110000
00000001110110001
00000001110110010
00000001110110011
00000001111000000
00000001111000001
00000001111000010
00000001111000011
00000001111010000
00000001111010001
00000001111010010
00000001111010011
00000001111100000
00000001111100001
00000001111100010
00000001111100011
00000001111110000
00000001111110001
00000001111110010
00000001111110011
00000010000000000
00000010000000001
00000010000000010
00000010000000011
00000010000010000
00000010000010001
00000010000010010
00000010000010011
00000010000100000
00000010000100001
00000010000100010
00000010000100011
00000010000110000
00000010000110001
00000010000110010
00000010000110011
00000010001000000
00000010001000001
00000010001000010
00000010001000011
00000010001010000
00000010001010001
00000010001010010
00000010001010011
00000010001100000
00000010001100001
00000010001100010
00000010001100011
00000010001110000
00000010001110001
00000010001110010
00000010001110011
00000010010000000
00000010010000001
00000010010000010
00000010010000011
00000010010010000
00000010010010001
00000010010010010
00000010010010011
00000010010100000
00000010010100001
00000010010100010
00000010010100011
00000010010110000
00000010010110001
00000010010110010
00000010010110011
00000010011000000
00000010011000001
00000010011000010
00000010011000011
00000010011010000
00000010011010001
00000010011010010
00000010011010011
00000010011100000
00000010011100001
00000010011100010
00000010011100011
00000010011110000
00000010011110001
00000010011110010
00000010011110011
00000010100000000
00000010100000001
00000010100000010
00000010100000011
00000010100010000
00000010100010001
00000010100010010
00000010100010011
00000010100100000
00000010100100001
00000010100100010
00000010100100011
00000010100110000
00000010100110001
00000010100110010
00000010100110011
00000010101000000
00000010101000001
00000010101000010
00000010101000011
00000010101010000
00000010101010001
00000010101010010
00000010101010011
00000010101100000
00000010101100001
00000010101100010
00000010101100011
00000010101110000
00000010101110001
00000010101110010
00000010101110011
00000010110000000
00000010110000001
00000010110000010
00000010110000011
00000010110010000
00000010110010001
00000010110010010
00000010110010011
00000010110100000
00000010110100001
00000010110100010
00000010110100011
00000010110110000
00000010110110001
00000010110110010
00000010110110011
00000010111000000
00000010111000001
00000010111000010
00000010111000011
00000010111010000
00000010111010001
00000010111010010
00000010111010011
00000010111100000
00000010111100001
00000010111100010
00000010111100011
00000010111110000
00000010111110001
00000010111110010
00000010111110011
00000011000000000
00000011000000001
00000011000000010
00000011000000011
00000011000010000
00000011000010001
00000011000010010
00000011000010011
00000011000100000
00000011000100001
00000011000100010
00000011000100011
00000011000110000
00000011000110001
00000011000110010
00000011000110011
00000011001000000
00000011001000001
00000011001000010
00000011001000011
00000011001010000
00000011001010001
00000011001010010
00000011001010011
00000011001100000
00000011001100001
00000011001100010
00000011001100011
00000011001110000
00000011001110001
00000011001110010
00000011001110011
00000011010000000
00000011010000001
00000011010000010
00000011010000011
00000011010010000
00000011010010001
00000011010010010
00000011010010011
00000011010100000
00000011010100001
00000011010100010
00000011010100011
00000011010110000
00000011010110001
00000011010110010
00000011010110011
00000011011000000
00000011011000001
00000011011000010
00000011011000011
00000011011010000
00000011011010001
00000011011010010
00000011011010011
00000011011100000
00000011011100001
00000011011100010
00000011011100011
00000011011110000
00000011011110001
00000011011110010
00000011011110011
00000011100000000
00000011100000001
00000011100000010
00000011100000011
00000011100010000
00000011100010001
00000011100010010
00000011100010011
00000011100100000
00000011100100001
00000011100100010
00000011100100011
00000011100110000
00000011100110001
00000011100110010
00000011100110011
00000011101000000
00000011101000001
00000011101000010
00000011101000011
00000011101010000
00000011101010001
00000011101010010
00000011101010011
00000011101100000
00000011101100001
00000011101100010
00000011101100011
00000011101110000
00000011101110001
00000011101110010
00000011101110011
00000011110000000
00000011110000001
00000011110000010
00000011110000011
00000011110010000
00000011110010001
00000011110010010
00000011110010011
00000011110100000
00000011110100001
00000011110100010
00000011110100011
00000011110110000
00000011110110001
00000011110110010
00000011110110011
00000011111000000
00000011111000001
00000011111000010
00000011111000011
00000011111010000
00000011111010001
00000011111010010
00000011111010011
00000011111100000
00000011111100001
00000011111100010
00000011111100011
00000011111110000
00000011111110001
00000011111110010
00000011111110011
