00000000000000000
00000000000000001
00000000000000010
00000000000000011
00000000000000100
00000000000000101
00000000000000110
00000000000000111
00000000000010000
00000000000010001
00000000000010010
00000000000010011
00000000000010100
00000000000010101
00000000000010110
00000000000010111
00000000000100000
00000000000100001
00000000000100010
00000000000100011
00000000000100100
00000000000100101
00000000000100110
00000000000100111
00000000000110000
00000000000110001
00000000000110010
00000000000110011
00000000000110100
00000000000110101
00000000000110110
00000000000110111
00000000001000000
00000000001000001
00000000001000010
00000000001000011
00000000001000100
00000000001000101
00000000001000110
00000000001000111
00000000001010000
00000000001010001
00000000001010010
00000000001010011
00000000001010100
00000000001010101
00000000001010110
00000000001010111
00000000001100000
00000000001100001
00000000001100010
00000000001100011
00000000001100100
00000000001100101
00000000001100110
00000000001100111
00000000001110000
00000000001110001
00000000001110010
00000000001110011
00000000001110100
00000000001110101
00000000001110110
00000000001110111
00000000010000000
00000000010000001
00000000010000010
00000000010000011
00000000010000100
00000000010000101
00000000010000110
00000000010000111
00000000010010000
00000000010010001
00000000010010010
00000000010010011
00000000010010100
00000000010010101
00000000010010110
00000000010010111
00000000010100000
00000000010100001
00000000010100010
00000000010100011
00000000010100100
00000000010100101
00000000010100110
00000000010100111
00000000010110000
00000000010110001
00000000010110010
00000000010110011
00000000010110100
00000000010110101
00000000010110110
00000000010110111
00000000011000000
00000000011000001
00000000011000010
00000000011000011
00000000011000100
00000000011000101
00000000011000110
00000000011000111
00000000011010000
00000000011010001
00000000011010010
00000000011010011
00000000011010100
00000000011010101
00000000011010110
00000000011010111
00000000011100000
00000000011100001
00000000011100010
00000000011100011
00000000011100100
00000000011100101
00000000011100110
00000000011100111
00000000011110000
00000000011110001
00000000011110010
00000000011110011
00000000011110100
00000000011110101
00000000011110110
00000000011110111
