00000000000000000
00000000000100000
00000000001000000
00000000001100000
00000000010000000
00000000010100000
00000000011000000
00000000011100000
00000000100000000
00000000100100000
00000000101000000
00000000101100000
00000000110000000
00000000110100000
00000000111000000
00000001000000000
00000001000100000
00000001001000000
00000001001100000
00000001010000000
00000001010100000
00000001011000000
00000001100000000
00000001100100000
00000001101000000
00000001110000000
00000010000000000
00000010000100000
00000010001000000
00000010001100000
00000010010000000
00000010010100000
00000010011000000
00000010100000000
00000010100100000
00000010101000000
00000010110000000
00000011000000000
00000011000100000
00000011001000000
00000011010000000
00000011100000000
00000100000000000
00000100000100000
00000100001000000
00000100001100000
00000100010000000
00000100010100000
00000100011000000
00000100100000000
00000100100100000
00000100101000000
00000100110000000
00000101000000000
00000101000100000
00000101001000000
00000101010000000
00000101100000000
00000110000000000
00000110000100000
00000110001000000
00000110010000000
00000110100000000
00000111000000000
00010000000000000
00010000000100000
00010000001000000
00010000001100000
00010000010000000
00010000010100000
00010000011000000
00010000100000000
00010000100100000
00010000101000000
00010000110000000
00010001000000000
00010001000100000
00010001001000000
00010001010000000
00010001100000000
00010010000000000
00010010000100000
00010010001000000
00010010010000000
00010010100000000
00010011000000000
00010100000000000
00010100000100000
00010100001000000
00010100010000000
00010100100000000
00010101000000000
00010110000000000
00100000000000000
00100000000100000
00100000001000000
00100000001100000
00100000010000000
00100000010100000
00100000011000000
00100000100000000
00100000100100000
00100000101000000
00100000110000000
00100001000000000
00100001000100000
00100001001000000
00100001010000000
00100001100000000
00100010000000000
00100010000100000
00100010001000000
00100010010000000
00100010100000000
00100011000000000
00100100000000000
00100100000100000
00100100001000000
00100100010000000
00100100100000000
00100101000000000
00100110000000000
00110000000000000
00110000000100000
00110000001000000
00110000010000000
00110000100000000
00110001000000000
00110010000000000
00110100000000000
01000000000000000
01000000000100000
01000000001000000
01000000001100000
01000000010000000
01000000010100000
01000000011000000
01000000100000000
01000000100100000
01000000101000000
01000000110000000
01000001000000000
01000001000100000
01000001001000000
01000001010000000
01000001100000000
01000010000000000
01000010000100000
01000010001000000
01000010010000000
01000010100000000
01000011000000000
01000100000000000
01000100000100000
01000100001000000
01000100010000000
01000100100000000
01000101000000000
01000110000000000
01010000000000000
01010000000100000
01010000001000000
01010000010000000
01010000100000000
01010001000000000
01010010000000000
01010100000000000
01100000000000000
01100000000100000
01100000001000000
01100000010000000
01100000100000000
01100001000000000
01100010000000000
01100100000000000
01110000000000000
10000000000000000
10000000000100000
10000000001000000
10000000001100000
10000000010000000
10000000010100000
10000000011000000
10000000100000000
10000000100100000
10000000101000000
10000000110000000
10000001000000000
10000001000100000
10000001001000000
10000001010000000
10000001100000000
10000010000000000
10000010000100000
10000010001000000
10000010010000000
10000010100000000
10000011000000000
10000100000000000
10000100000100000
10000100001000000
10000100010000000
10000100100000000
10000101000000000
10000110000000000
10010000000000000
10010000000100000
10010000001000000
10010000010000000
10010000100000000
10010001000000000
10010010000000000
10010100000000000
10100000000000000
10100000000100000
10100000001000000
10100000010000000
10100000100000000
10100001000000000
10100010000000000
10100100000000000
10110000000000000
11000000000000000
11000000000100000
11000000001000000
11000000010000000
11000000100000000
11000001000000000
11000010000000000
11000100000000000
11010000000000000
11100000000000000
