00000000000000000
00000000000100000
00000000010000000
00000000010100000
00000000100000000
00000000100100000
00000000110000000
00000000110100000
00000001000000000
00000001000100000
00000001010000000
00000001010100000
00000001100000000
00000001100100000
00000001110000000
00000001110100000
00000010000000000
00000010000100000
00000010010000000
00000010010100000
00000010100000000
00000010100100000
00000010110000000
00000010110100000
00000011000000000
00000011000100000
00000011010000000
00000011010100000
00000011100000000
00000011100100000
00000011110000000
00000011110100000
