00000000000000000
00000000000000001
00000000000000010
00000000000000011
00000000000010000
00000000000010001
00000000000010010
00000000000010011
00000000000100000
00000000000100001
00000000000100010
00000000000100011
00000000000110000
00000000000110001
00000000000110010
00000000001000000
00000000001000001
00000000001000010
00000000001000011
00000000001010000
00000000001010001
00000000001010010
00000000001100000
00000000001100001
00000000001100010
00000000001110000
00000000010000000
00000000010000001
00000000010000010
00000000010000011
00000000010010000
00000000010010001
00000000010010010
00000000010100000
00000000010100001
00000000010100010
00000000010110000
00000000011000000
00000000011000001
00000000011000010
00000000011010000
00000000011100000
00000000100000000
00000000100000001
00000000100000010
00000000100000011
00000000100010000
00000000100010001
00000000100010010
00000000100100000
00000000100100001
00000000100100010
00000000100110000
00000000101000000
00000000101000001
00000000101000010
00000000101010000
00000000101100000
00000000110000000
00000000110000001
00000000110000010
00000000110010000
00000000110100000
00000000111000000
00000001000000000
00000001000000001
00000001000000010
00000001000000011
00000001000010000
00000001000010001
00000001000010010
00000001000100000
00000001000100001
00000001000100010
00000001000110000
00000001001000000
00000001001000001
00000001001000010
00000001001010000
00000001001100000
00000001010000000
00000001010000001
00000001010000010
00000001010010000
00000001010100000
00000001011000000
00000001100000000
00000001100000001
00000001100000010
00000001100010000
00000001100100000
00000001101000000
00000001110000000
00000010000000000
00000010000000001
00000010000000010
00000010000000011
00000010000010000
00000010000010001
00000010000010010
00000010000100000
00000010000100001
00000010000100010
00000010000110000
00000010001000000
00000010001000001
00000010001000010
00000010001010000
00000010001100000
00000010010000000
00000010010000001
00000010010000010
00000010010010000
00000010010100000
00000010011000000
00000010100000000
00000010100000001
00000010100000010
00000010100010000
00000010100100000
00000010101000000
00000010110000000
00000011000000000
00000011000000001
00000011000000010
00000011000010000
00000011000100000
00000011001000000
00000011010000000
00000011100000000
