00000000000000000
00000000000000001
00000000000000010
00000000000000011
00000000000000100
00000000000000101
00000000000000110
00000000000000111
00000000000001000
00000000000001001
00000000000001010
00000000000001011
00000000000001100
00000000000001101
00000000000001110
00000000000010000
00000000000010001
00000000000010010
00000000000010011
00000000000010100
00000000000010101
00000000000010110
00000000000011000
00000000000011001
00000000000011010
00000000000011100
00000000000100000
00000000000100001
00000000000100010
00000000000100011
00000000000100100
00000000000100101
00000000000100110
00000000000101000
00000000000101001
00000000000101010
00000000000101100
00000000000110000
00000000000110001
00000000000110010
00000000000110100
00000000000111000
00000000010000000
00000000010000001
00000000010000010
00000000010000011
00000000010000100
00000000010000101
00000000010000110
00000000010001000
00000000010001001
00000000010001010
00000000010001100
00000000010010000
00000000010010001
00000000010010010
00000000010010100
00000000010011000
00000000010100000
00000000010100001
00000000010100010
00000000010100100
00000000010101000
00000000010110000
00000000100000000
00000000100000001
00000000100000010
00000000100000011
00000000100000100
00000000100000101
00000000100000110
00000000100001000
00000000100001001
00000000100001010
00000000100001100
00000000100010000
00000000100010001
00000000100010010
00000000100010100
00000000100011000
00000000100100000
00000000100100001
00000000100100010
00000000100100100
00000000100101000
00000000100110000
00000000110000000
00000000110000001
00000000110000010
00000000110000100
00000000110001000
00000000110010000
00000000110100000
00000001000000000
00000001000000001
00000001000000010
00000001000000011
00000001000000100
00000001000000101
00000001000000110
00000001000001000
00000001000001001
00000001000001010
00000001000001100
00000001000010000
00000001000010001
00000001000010010
00000001000010100
00000001000011000
00000001000100000
00000001000100001
00000001000100010
00000001000100100
00000001000101000
00000001000110000
00000001010000000
00000001010000001
00000001010000010
00000001010000100
00000001010001000
00000001010010000
00000001010100000
00000001100000000
00000001100000001
00000001100000010
00000001100000100
00000001100001000
00000001100010000
00000001100100000
00000001110000000
00000010000000000
00000010000000001
00000010000000010
00000010000000011
00000010000000100
00000010000000101
00000010000000110
00000010000001000
00000010000001001
00000010000001010
00000010000001100
00000010000010000
00000010000010001
00000010000010010
00000010000010100
00000010000011000
00000010000100000
00000010000100001
00000010000100010
00000010000100100
00000010000101000
00000010000110000
00000010010000000
00000010010000001
00000010010000010
00000010010000100
00000010010001000
00000010010010000
00000010010100000
00000010100000000
00000010100000001
00000010100000010
00000010100000100
00000010100001000
00000010100010000
00000010100100000
00000010110000000
00000011000000000
00000011000000001
00000011000000010
00000011000000100
00000011000001000
00000011000010000
00000011000100000
00000011010000000
00000011100000000
