00000000000000000
00000000000000010
00000000100000000
00000000100000010
00000010000000000
00000010000000010
00000010100000000
00000010100000010
00000100000000000
00000100000000010
00000100100000000
00000100100000010
00000110000000000
00000110000000010
00000110100000000
00001000000000000
00001000000000010
00001000100000000
00001000100000010
00001010000000000
00001010000000010
00001010100000000
00001100000000000
00001100000000010
00001100100000000
00001110000000000
00010000000000000
00010000000000010
00010000100000000
00010000100000010
00010010000000000
00010010000000010
00010010100000000
00010100000000000
00010100000000010
00010100100000000
00010110000000000
00011000000000000
00011000000000010
00011000100000000
00011010000000000
00011100000000000
