0000000000000000000000000000000000
0000000000001000000000000000000000
0000000000010000000000000000000000
0000000000011000000000000000000000
0000000000100000000000000000000000
0000000000101000000000000000000000
0000000000110000000000000000000000
0000000000111000000000000000000000
0000000001000000000000000000000000
0000000001001000000000000000000000
0000000001010000000000000000000000
0000000001011000000000000000000000
0000000001100000000000000000000000
0000000001101000000000000000000000
0000000001110000000000000000000000
0000000010000000000000000000000000
0000000010001000000000000000000000
0000000010010000000000000000000000
0000000010011000000000000000000000
0000000010100000000000000000000000
0000000010101000000000000000000000
0000000010110000000000000000000000
0000000011000000000000000000000000
0000000011001000000000000000000000
0000000011010000000000000000000000
0000000011100000000000000000000000
0000000100000000000000000000000000
0000000100001000000000000000000000
0000000100010000000000000000000000
0000000100011000000000000000000000
0000000100100000000000000000000000
0000000100101000000000000000000000
0000000100110000000000000000000000
0000000101000000000000000000000000
0000000101001000000000000000000000
0000000101010000000000000000000000
0000000101100000000000000000000000
0000000110000000000000000000000000
0000000110001000000000000000000000
0000000110010000000000000000000000
0000000110100000000000000000000000
0000000111000000000000000000000000
0000001000000000000000000000000000
0000001000001000000000000000000000
0000001000010000000000000000000000
0000001000011000000000000000000000
0000001000100000000000000000000000
0000001000101000000000000000000000
0000001000110000000000000000000000
0000001001000000000000000000000000
0000001001001000000000000000000000
0000001001010000000000000000000000
0000001001100000000000000000000000
0000001010000000000000000000000000
0000001010001000000000000000000000
0000001010010000000000000000000000
0000001010100000000000000000000000
0000001011000000000000000000000000
0000001100000000000000000000000000
0000001100001000000000000000000000
0000001100010000000000000000000000
0000001100100000000000000000000000
0000001101000000000000000000000000
0000001110000000000000000000000000
0000010000000000000000000000000000
0000010000001000000000000000000000
0000010000010000000000000000000000
0000010000011000000000000000000000
0000010000100000000000000000000000
0000010000101000000000000000000000
0000010000110000000000000000000000
0000010001000000000000000000000000
0000010001001000000000000000000000
0000010001010000000000000000000000
0000010001100000000000000000000000
0000010010000000000000000000000000
0000010010001000000000000000000000
0000010010010000000000000000000000
0000010010100000000000000000000000
0000010011000000000000000000000000
0000010100000000000000000000000000
0000010100001000000000000000000000
0000010100010000000000000000000000
0000010100100000000000000000000000
0000010101000000000000000000000000
0000010110000000000000000000000000
0000011000000000000000000000000000
0000011000001000000000000000000000
0000011000010000000000000000000000
0000011000100000000000000000000000
0000011001000000000000000000000000
0000011010000000000000000000000000
0000011100000000000000000000000000
0000100000000000000000000000000000
0000100000001000000000000000000000
0000100000010000000000000000000000
0000100000011000000000000000000000
0000100000100000000000000000000000
0000100000101000000000000000000000
0000100000110000000000000000000000
0000100001000000000000000000000000
0000100001001000000000000000000000
0000100001010000000000000000000000
0000100001100000000000000000000000
0000100010000000000000000000000000
0000100010001000000000000000000000
0000100010010000000000000000000000
0000100010100000000000000000000000
0000100011000000000000000000000000
0000100100000000000000000000000000
0000100100001000000000000000000000
0000100100010000000000000000000000
0000100100100000000000000000000000
0000100101000000000000000000000000
0000100110000000000000000000000000
0000101000000000000000000000000000
0000101000001000000000000000000000
0000101000010000000000000000000000
0000101000100000000000000000000000
0000101001000000000000000000000000
0000101010000000000000000000000000
0000101100000000000000000000000000
0000110000000000000000000000000000
0000110000001000000000000000000000
0000110000010000000000000000000000
0000110000100000000000000000000000
0000110001000000000000000000000000
0000110010000000000000000000000000
0000110100000000000000000000000000
0000111000000000000000000000000000
0001000000000000000000000000000000
0001000000001000000000000000000000
0001000000010000000000000000000000
0001000000011000000000000000000000
0001000000100000000000000000000000
0001000000101000000000000000000000
0001000000110000000000000000000000
0001000001000000000000000000000000
0001000001001000000000000000000000
0001000001010000000000000000000000
0001000001100000000000000000000000
0001000010000000000000000000000000
0001000010001000000000000000000000
0001000010010000000000000000000000
0001000010100000000000000000000000
0001000011000000000000000000000000
0001000100000000000000000000000000
0001000100001000000000000000000000
0001000100010000000000000000000000
0001000100100000000000000000000000
0001000101000000000000000000000000
0001000110000000000000000000000000
0001001000000000000000000000000000
0001001000001000000000000000000000
0001001000010000000000000000000000
0001001000100000000000000000000000
0001001001000000000000000000000000
0001001010000000000000000000000000
0001001100000000000000000000000000
0001010000000000000000000000000000
0001010000001000000000000000000000
0001010000010000000000000000000000
0001010000100000000000000000000000
0001010001000000000000000000000000
0001010010000000000000000000000000
0001010100000000000000000000000000
0001011000000000000000000000000000
0001100000000000000000000000000000
0001100000001000000000000000000000
0001100000010000000000000000000000
0001100000100000000000000000000000
0001100001000000000000000000000000
0001100010000000000000000000000000
0001100100000000000000000000000000
0001101000000000000000000000000000
0001110000000000000000000000000000
0010000000000000000000000000000000
0010000000001000000000000000000000
0010000000010000000000000000000000
0010000000011000000000000000000000
0010000000100000000000000000000000
0010000000101000000000000000000000
0010000000110000000000000000000000
0010000001000000000000000000000000
0010000001001000000000000000000000
0010000001010000000000000000000000
0010000001100000000000000000000000
0010000010000000000000000000000000
0010000010001000000000000000000000
0010000010010000000000000000000000
0010000010100000000000000000000000
0010000011000000000000000000000000
0010000100000000000000000000000000
0010000100001000000000000000000000
0010000100010000000000000000000000
0010000100100000000000000000000000
0010000101000000000000000000000000
0010000110000000000000000000000000
0010001000000000000000000000000000
0010001000001000000000000000000000
0010001000010000000000000000000000
0010001000100000000000000000000000
0010001001000000000000000000000000
0010001010000000000000000000000000
0010001100000000000000000000000000
0010010000000000000000000000000000
0010010000001000000000000000000000
0010010000010000000000000000000000
0010010000100000000000000000000000
0010010001000000000000000000000000
0010010010000000000000000000000000
0010010100000000000000000000000000
0010011000000000000000000000000000
0010100000000000000000000000000000
0010100000001000000000000000000000
0010100000010000000000000000000000
0010100000100000000000000000000000
0010100001000000000000000000000000
0010100010000000000000000000000000
0010100100000000000000000000000000
0010101000000000000000000000000000
0010110000000000000000000000000000
0011000000000000000000000000000000
0011000000001000000000000000000000
0011000000010000000000000000000000
0011000000100000000000000000000000
0011000001000000000000000000000000
0011000010000000000000000000000000
0011000100000000000000000000000000
0011001000000000000000000000000000
0011010000000000000000000000000000
0011100000000000000000000000000000
0100000000000000000000000000000000
0100000000001000000000000000000000
0100000000010000000000000000000000
0100000000011000000000000000000000
0100000000100000000000000000000000
0100000000101000000000000000000000
0100000000110000000000000000000000
0100000001000000000000000000000000
0100000001001000000000000000000000
0100000001010000000000000000000000
0100000001100000000000000000000000
0100000010000000000000000000000000
0100000010001000000000000000000000
0100000010010000000000000000000000
0100000010100000000000000000000000
0100000011000000000000000000000000
0100000100000000000000000000000000
0100000100001000000000000000000000
0100000100010000000000000000000000
0100000100100000000000000000000000
0100000101000000000000000000000000
0100000110000000000000000000000000
0100001000000000000000000000000000
0100001000001000000000000000000000
0100001000010000000000000000000000
0100001000100000000000000000000000
0100001001000000000000000000000000
0100001010000000000000000000000000
0100001100000000000000000000000000
0100010000000000000000000000000000
0100010000001000000000000000000000
0100010000010000000000000000000000
0100010000100000000000000000000000
0100010001000000000000000000000000
0100010010000000000000000000000000
0100010100000000000000000000000000
0100011000000000000000000000000000
0100100000000000000000000000000000
0100100000001000000000000000000000
0100100000010000000000000000000000
0100100000100000000000000000000000
0100100001000000000000000000000000
0100100010000000000000000000000000
0100100100000000000000000000000000
0100101000000000000000000000000000
0100110000000000000000000000000000
0101000000000000000000000000000000
0101000000001000000000000000000000
0101000000010000000000000000000000
0101000000100000000000000000000000
0101000001000000000000000000000000
0101000010000000000000000000000000
0101000100000000000000000000000000
0101001000000000000000000000000000
0101010000000000000000000000000000
0101100000000000000000000000000000
0110000000000000000000000000000000
0110000000001000000000000000000000
0110000000010000000000000000000000
0110000000100000000000000000000000
0110000001000000000000000000000000
0110000010000000000000000000000000
0110000100000000000000000000000000
0110001000000000000000000000000000
0110010000000000000000000000000000
0110100000000000000000000000000000
0111000000000000000000000000000000
1000000000000000000000000000000000
1000000000001000000000000000000000
1000000000010000000000000000000000
1000000000011000000000000000000000
1000000000100000000000000000000000
1000000000101000000000000000000000
1000000000110000000000000000000000
1000000001000000000000000000000000
1000000001001000000000000000000000
1000000001010000000000000000000000
1000000001100000000000000000000000
1000000010000000000000000000000000
1000000010001000000000000000000000
1000000010010000000000000000000000
1000000010100000000000000000000000
1000000011000000000000000000000000
1000000100000000000000000000000000
1000000100001000000000000000000000
1000000100010000000000000000000000
1000000100100000000000000000000000
1000000101000000000000000000000000
1000000110000000000000000000000000
1000001000000000000000000000000000
1000001000001000000000000000000000
1000001000010000000000000000000000
1000001000100000000000000000000000
1000001001000000000000000000000000
1000001010000000000000000000000000
1000001100000000000000000000000000
1000010000000000000000000000000000
1000010000001000000000000000000000
1000010000010000000000000000000000
1000010000100000000000000000000000
1000010001000000000000000000000000
1000010010000000000000000000000000
1000010100000000000000000000000000
1000011000000000000000000000000000
1000100000000000000000000000000000
1000100000001000000000000000000000
1000100000010000000000000000000000
1000100000100000000000000000000000
1000100001000000000000000000000000
1000100010000000000000000000000000
1000100100000000000000000000000000
1000101000000000000000000000000000
1000110000000000000000000000000000
1001000000000000000000000000000000
1001000000001000000000000000000000
1001000000010000000000000000000000
1001000000100000000000000000000000
1001000001000000000000000000000000
1001000010000000000000000000000000
1001000100000000000000000000000000
1001001000000000000000000000000000
1001010000000000000000000000000000
1001100000000000000000000000000000
1010000000000000000000000000000000
1010000000001000000000000000000000
1010000000010000000000000000000000
1010000000100000000000000000000000
1010000001000000000000000000000000
1010000010000000000000000000000000
1010000100000000000000000000000000
1010001000000000000000000000000000
1010010000000000000000000000000000
1010100000000000000000000000000000
1011000000000000000000000000000000
1100000000000000000000000000000000
1100000000001000000000000000000000
1100000000010000000000000000000000
1100000000100000000000000000000000
1100000001000000000000000000000000
1100000010000000000000000000000000
1100000100000000000000000000000000
1100001000000000000000000000000000
1100010000000000000000000000000000
1100100000000000000000000000000000
1101000000000000000000000000000000
1110000000000000000000000000000000
