00000000000000000
00000000000100000
00000000001000000
00000000001100000
00000000010000000
00000000010100000
00000000011000000
00000000011100000
00000000100000000
00000000100100000
00000000101000000
00000000101100000
00000000110000000
00000000110100000
00000000111000000
00000000111100000
00000001000000000
00000001000100000
00000001001000000
00000001001100000
00000001010000000
00000001010100000
00000001011000000
00000001011100000
00000001100000000
00000001100100000
00000001101000000
00000001101100000
00000001110000000
00000001110100000
00000001111000000
00000001111100000
00000010000000000
00000010000100000
00000010001000000
00000010001100000
00000010010000000
00000010010100000
00000010011000000
00000010011100000
00000010100000000
00000010100100000
00000010101000000
00000010101100000
00000010110000000
00000010110100000
00000010111000000
00000010111100000
00000011000000000
00000011000100000
00000011001000000
00000011001100000
00000011010000000
00000011010100000
00000011011000000
00000011011100000
00000011100000000
00000011100100000
00000011101000000
00000011101100000
00000011110000000
00000011110100000
00000011111000000
00000011111100000
00000100000000000
00000100000100000
00000100001000000
00000100001100000
00000100010000000
00000100010100000
00000100011000000
00000100011100000
00000100100000000
00000100100100000
00000100101000000
00000100101100000
00000100110000000
00000100110100000
00000100111000000
00000100111100000
00000101000000000
00000101000100000
00000101001000000
00000101001100000
00000101010000000
00000101010100000
00000101011000000
00000101011100000
00000101100000000
00000101100100000
00000101101000000
00000101101100000
00000101110000000
00000101110100000
00000101111000000
00000101111100000
00000110000000000
00000110000100000
00000110001000000
00000110001100000
00000110010000000
00000110010100000
00000110011000000
00000110011100000
00000110100000000
00000110100100000
00000110101000000
00000110101100000
00000110110000000
00000110110100000
00000110111000000
00000110111100000
00000111000000000
00000111000100000
00000111001000000
00000111001100000
00000111010000000
00000111010100000
00000111011000000
00000111011100000
00000111100000000
00000111100100000
00000111101000000
00000111101100000
00000111110000000
00000111110100000
00000111111000000
00000111111100000
00010000000000000
00010000000100000
00010000001000000
00010000001100000
00010000010000000
00010000010100000
00010000011000000
00010000011100000
00010000100000000
00010000100100000
00010000101000000
00010000101100000
00010000110000000
00010000110100000
00010000111000000
00010000111100000
00010001000000000
00010001000100000
00010001001000000
00010001001100000
00010001010000000
00010001010100000
00010001011000000
00010001011100000
00010001100000000
00010001100100000
00010001101000000
00010001101100000
00010001110000000
00010001110100000
00010001111000000
00010001111100000
00010010000000000
00010010000100000
00010010001000000
00010010001100000
00010010010000000
00010010010100000
00010010011000000
00010010011100000
00010010100000000
00010010100100000
00010010101000000
00010010101100000
00010010110000000
00010010110100000
00010010111000000
00010010111100000
00010011000000000
00010011000100000
00010011001000000
00010011001100000
00010011010000000
00010011010100000
00010011011000000
00010011011100000
00010011100000000
00010011100100000
00010011101000000
00010011101100000
00010011110000000
00010011110100000
00010011111000000
00010011111100000
00010100000000000
00010100000100000
00010100001000000
00010100001100000
00010100010000000
00010100010100000
00010100011000000
00010100011100000
00010100100000000
00010100100100000
00010100101000000
00010100101100000
00010100110000000
00010100110100000
00010100111000000
00010100111100000
00010101000000000
00010101000100000
00010101001000000
00010101001100000
00010101010000000
00010101010100000
00010101011000000
00010101011100000
00010101100000000
00010101100100000
00010101101000000
00010101101100000
00010101110000000
00010101110100000
00010101111000000
00010101111100000
00010110000000000
00010110000100000
00010110001000000
00010110001100000
00010110010000000
00010110010100000
00010110011000000
00010110011100000
00010110100000000
00010110100100000
00010110101000000
00010110101100000
00010110110000000
00010110110100000
00010110111000000
00010110111100000
00010111000000000
00010111000100000
00010111001000000
00010111001100000
00010111010000000
00010111010100000
00010111011000000
00010111011100000
00010111100000000
00010111100100000
00010111101000000
00010111101100000
00010111110000000
00010111110100000
00010111111000000
00010111111100000
00100000000000000
00100000000100000
00100000001000000
00100000001100000
00100000010000000
00100000010100000
00100000011000000
00100000011100000
00100000100000000
00100000100100000
00100000101000000
00100000101100000
00100000110000000
00100000110100000
00100000111000000
00100000111100000
00100001000000000
00100001000100000
00100001001000000
00100001001100000
00100001010000000
00100001010100000
00100001011000000
00100001011100000
00100001100000000
00100001100100000
00100001101000000
00100001101100000
00100001110000000
00100001110100000
00100001111000000
00100001111100000
00100010000000000
00100010000100000
00100010001000000
00100010001100000
00100010010000000
00100010010100000
00100010011000000
00100010011100000
00100010100000000
00100010100100000
00100010101000000
00100010101100000
00100010110000000
00100010110100000
00100010111000000
00100010111100000
00100011000000000
00100011000100000
00100011001000000
00100011001100000
00100011010000000
00100011010100000
00100011011000000
00100011011100000
00100011100000000
00100011100100000
00100011101000000
00100011101100000
00100011110000000
00100011110100000
00100011111000000
00100011111100000
00100100000000000
00100100000100000
00100100001000000
00100100001100000
00100100010000000
00100100010100000
00100100011000000
00100100011100000
00100100100000000
00100100100100000
00100100101000000
00100100101100000
00100100110000000
00100100110100000
00100100111000000
00100100111100000
00100101000000000
00100101000100000
00100101001000000
00100101001100000
00100101010000000
00100101010100000
00100101011000000
00100101011100000
00100101100000000
00100101100100000
00100101101000000
00100101101100000
00100101110000000
00100101110100000
00100101111000000
00100101111100000
00100110000000000
00100110000100000
00100110001000000
00100110001100000
00100110010000000
00100110010100000
00100110011000000
00100110011100000
00100110100000000
00100110100100000
00100110101000000
00100110101100000
00100110110000000
00100110110100000
00100110111000000
00100110111100000
00100111000000000
00100111000100000
00100111001000000
00100111001100000
00100111010000000
00100111010100000
00100111011000000
00100111011100000
00100111100000000
00100111100100000
00100111101000000
00100111101100000
00100111110000000
00100111110100000
00100111111000000
00100111111100000
00110000000000000
00110000000100000
00110000001000000
00110000001100000
00110000010000000
00110000010100000
00110000011000000
00110000011100000
00110000100000000
00110000100100000
00110000101000000
00110000101100000
00110000110000000
00110000110100000
00110000111000000
00110000111100000
00110001000000000
00110001000100000
00110001001000000
00110001001100000
00110001010000000
00110001010100000
00110001011000000
00110001011100000
00110001100000000
00110001100100000
00110001101000000
00110001101100000
00110001110000000
00110001110100000
00110001111000000
00110001111100000
00110010000000000
00110010000100000
00110010001000000
00110010001100000
00110010010000000
00110010010100000
00110010011000000
00110010011100000
00110010100000000
00110010100100000
00110010101000000
00110010101100000
00110010110000000
00110010110100000
00110010111000000
00110010111100000
00110011000000000
00110011000100000
00110011001000000
00110011001100000
00110011010000000
00110011010100000
00110011011000000
00110011011100000
00110011100000000
00110011100100000
00110011101000000
00110011101100000
00110011110000000
00110011110100000
00110011111000000
00110011111100000
00110100000000000
00110100000100000
00110100001000000
00110100001100000
00110100010000000
00110100010100000
00110100011000000
00110100011100000
00110100100000000
00110100100100000
00110100101000000
00110100101100000
00110100110000000
00110100110100000
00110100111000000
00110100111100000
00110101000000000
00110101000100000
00110101001000000
00110101001100000
00110101010000000
00110101010100000
00110101011000000
00110101011100000
00110101100000000
00110101100100000
00110101101000000
00110101101100000
00110101110000000
00110101110100000
00110101111000000
00110101111100000
00110110000000000
00110110000100000
00110110001000000
00110110001100000
00110110010000000
00110110010100000
00110110011000000
00110110011100000
00110110100000000
00110110100100000
00110110101000000
00110110101100000
00110110110000000
00110110110100000
00110110111000000
00110110111100000
00110111000000000
00110111000100000
00110111001000000
00110111001100000
00110111010000000
00110111010100000
00110111011000000
00110111011100000
00110111100000000
00110111100100000
00110111101000000
00110111101100000
00110111110000000
00110111110100000
00110111111000000
00110111111100000
01000000000000000
01000000000100000
01000000001000000
01000000001100000
01000000010000000
01000000010100000
01000000011000000
01000000011100000
01000000100000000
01000000100100000
01000000101000000
01000000101100000
01000000110000000
01000000110100000
01000000111000000
01000000111100000
01000001000000000
01000001000100000
01000001001000000
01000001001100000
01000001010000000
01000001010100000
01000001011000000
01000001011100000
01000001100000000
01000001100100000
01000001101000000
01000001101100000
01000001110000000
01000001110100000
01000001111000000
01000001111100000
01000010000000000
01000010000100000
01000010001000000
01000010001100000
01000010010000000
01000010010100000
01000010011000000
01000010011100000
01000010100000000
01000010100100000
01000010101000000
01000010101100000
01000010110000000
01000010110100000
01000010111000000
01000010111100000
01000011000000000
01000011000100000
01000011001000000
01000011001100000
01000011010000000
01000011010100000
01000011011000000
01000011011100000
01000011100000000
01000011100100000
01000011101000000
01000011101100000
01000011110000000
01000011110100000
01000011111000000
01000011111100000
01000100000000000
01000100000100000
01000100001000000
01000100001100000
01000100010000000
01000100010100000
01000100011000000
01000100011100000
01000100100000000
01000100100100000
01000100101000000
01000100101100000
01000100110000000
01000100110100000
01000100111000000
01000100111100000
01000101000000000
01000101000100000
01000101001000000
01000101001100000
01000101010000000
01000101010100000
01000101011000000
01000101011100000
01000101100000000
01000101100100000
01000101101000000
01000101101100000
01000101110000000
01000101110100000
01000101111000000
01000101111100000
01000110000000000
01000110000100000
01000110001000000
01000110001100000
01000110010000000
01000110010100000
01000110011000000
01000110011100000
01000110100000000
01000110100100000
01000110101000000
01000110101100000
01000110110000000
01000110110100000
01000110111000000
01000110111100000
01000111000000000
01000111000100000
01000111001000000
01000111001100000
01000111010000000
01000111010100000
01000111011000000
01000111011100000
01000111100000000
01000111100100000
01000111101000000
01000111101100000
01000111110000000
01000111110100000
01000111111000000
01000111111100000
01010000000000000
01010000000100000
01010000001000000
01010000001100000
01010000010000000
01010000010100000
01010000011000000
01010000011100000
01010000100000000
01010000100100000
01010000101000000
01010000101100000
01010000110000000
01010000110100000
01010000111000000
01010000111100000
01010001000000000
01010001000100000
01010001001000000
01010001001100000
01010001010000000
01010001010100000
01010001011000000
01010001011100000
01010001100000000
01010001100100000
01010001101000000
01010001101100000
01010001110000000
01010001110100000
01010001111000000
01010001111100000
01010010000000000
01010010000100000
01010010001000000
01010010001100000
01010010010000000
01010010010100000
01010010011000000
01010010011100000
01010010100000000
01010010100100000
01010010101000000
01010010101100000
01010010110000000
01010010110100000
01010010111000000
01010010111100000
01010011000000000
01010011000100000
01010011001000000
01010011001100000
01010011010000000
01010011010100000
01010011011000000
01010011011100000
01010011100000000
01010011100100000
01010011101000000
01010011101100000
01010011110000000
01010011110100000
01010011111000000
01010011111100000
01010100000000000
01010100000100000
01010100001000000
01010100001100000
01010100010000000
01010100010100000
01010100011000000
01010100011100000
01010100100000000
01010100100100000
01010100101000000
01010100101100000
01010100110000000
01010100110100000
01010100111000000
01010100111100000
01010101000000000
01010101000100000
01010101001000000
01010101001100000
01010101010000000
01010101010100000
01010101011000000
01010101011100000
01010101100000000
01010101100100000
01010101101000000
01010101101100000
01010101110000000
01010101110100000
01010101111000000
01010101111100000
01010110000000000
01010110000100000
01010110001000000
01010110001100000
01010110010000000
01010110010100000
01010110011000000
01010110011100000
01010110100000000
01010110100100000
01010110101000000
01010110101100000
01010110110000000
01010110110100000
01010110111000000
01010110111100000
01010111000000000
01010111000100000
01010111001000000
01010111001100000
01010111010000000
01010111010100000
01010111011000000
01010111011100000
01010111100000000
01010111100100000
01010111101000000
01010111101100000
01010111110000000
01010111110100000
01010111111000000
01010111111100000
01100000000000000
01100000000100000
01100000001000000
01100000001100000
01100000010000000
01100000010100000
01100000011000000
01100000011100000
01100000100000000
01100000100100000
01100000101000000
01100000101100000
01100000110000000
01100000110100000
01100000111000000
01100000111100000
01100001000000000
01100001000100000
01100001001000000
01100001001100000
01100001010000000
01100001010100000
01100001011000000
01100001011100000
01100001100000000
01100001100100000
01100001101000000
01100001101100000
01100001110000000
01100001110100000
01100001111000000
01100001111100000
01100010000000000
01100010000100000
01100010001000000
01100010001100000
01100010010000000
01100010010100000
01100010011000000
01100010011100000
01100010100000000
01100010100100000
01100010101000000
01100010101100000
01100010110000000
01100010110100000
01100010111000000
01100010111100000
01100011000000000
01100011000100000
01100011001000000
01100011001100000
01100011010000000
01100011010100000
01100011011000000
01100011011100000
01100011100000000
01100011100100000
01100011101000000
01100011101100000
01100011110000000
01100011110100000
01100011111000000
01100011111100000
01100100000000000
01100100000100000
01100100001000000
01100100001100000
01100100010000000
01100100010100000
01100100011000000
01100100011100000
01100100100000000
01100100100100000
01100100101000000
01100100101100000
01100100110000000
01100100110100000
01100100111000000
01100100111100000
01100101000000000
01100101000100000
01100101001000000
01100101001100000
01100101010000000
01100101010100000
01100101011000000
01100101011100000
01100101100000000
01100101100100000
01100101101000000
01100101101100000
01100101110000000
01100101110100000
01100101111000000
01100101111100000
01100110000000000
01100110000100000
01100110001000000
01100110001100000
01100110010000000
01100110010100000
01100110011000000
01100110011100000
01100110100000000
01100110100100000
01100110101000000
01100110101100000
01100110110000000
01100110110100000
01100110111000000
01100110111100000
01100111000000000
01100111000100000
01100111001000000
01100111001100000
01100111010000000
01100111010100000
01100111011000000
01100111011100000
01100111100000000
01100111100100000
01100111101000000
01100111101100000
01100111110000000
01100111110100000
01100111111000000
01100111111100000
01110000000000000
01110000000100000
01110000001000000
01110000001100000
01110000010000000
01110000010100000
01110000011000000
01110000011100000
01110000100000000
01110000100100000
01110000101000000
01110000101100000
01110000110000000
01110000110100000
01110000111000000
01110000111100000
01110001000000000
01110001000100000
01110001001000000
01110001001100000
01110001010000000
01110001010100000
01110001011000000
01110001011100000
01110001100000000
01110001100100000
01110001101000000
01110001101100000
01110001110000000
01110001110100000
01110001111000000
01110001111100000
01110010000000000
01110010000100000
01110010001000000
01110010001100000
01110010010000000
01110010010100000
01110010011000000
01110010011100000
01110010100000000
01110010100100000
01110010101000000
01110010101100000
01110010110000000
01110010110100000
01110010111000000
01110010111100000
01110011000000000
01110011000100000
01110011001000000
01110011001100000
01110011010000000
01110011010100000
01110011011000000
01110011011100000
01110011100000000
01110011100100000
01110011101000000
01110011101100000
01110011110000000
01110011110100000
01110011111000000
01110011111100000
01110100000000000
01110100000100000
01110100001000000
01110100001100000
01110100010000000
01110100010100000
01110100011000000
01110100011100000
01110100100000000
01110100100100000
01110100101000000
01110100101100000
01110100110000000
01110100110100000
01110100111000000
01110100111100000
01110101000000000
01110101000100000
01110101001000000
01110101001100000
01110101010000000
01110101010100000
01110101011000000
01110101011100000
01110101100000000
01110101100100000
01110101101000000
01110101101100000
01110101110000000
01110101110100000
01110101111000000
01110101111100000
01110110000000000
01110110000100000
01110110001000000
01110110001100000
01110110010000000
01110110010100000
01110110011000000
01110110011100000
01110110100000000
01110110100100000
01110110101000000
01110110101100000
01110110110000000
01110110110100000
01110110111000000
01110110111100000
01110111000000000
01110111000100000
01110111001000000
01110111001100000
01110111010000000
01110111010100000
01110111011000000
01110111011100000
01110111100000000
01110111100100000
01110111101000000
01110111101100000
01110111110000000
01110111110100000
01110111111000000
01110111111100000
10000000000000000
10000000000100000
10000000001000000
10000000001100000
10000000010000000
10000000010100000
10000000011000000
10000000011100000
10000000100000000
10000000100100000
10000000101000000
10000000101100000
10000000110000000
10000000110100000
10000000111000000
10000000111100000
10000001000000000
10000001000100000
10000001001000000
10000001001100000
10000001010000000
10000001010100000
10000001011000000
10000001011100000
10000001100000000
10000001100100000
10000001101000000
10000001101100000
10000001110000000
10000001110100000
10000001111000000
10000001111100000
10000010000000000
10000010000100000
10000010001000000
10000010001100000
10000010010000000
10000010010100000
10000010011000000
10000010011100000
10000010100000000
10000010100100000
10000010101000000
10000010101100000
10000010110000000
10000010110100000
10000010111000000
10000010111100000
10000011000000000
10000011000100000
10000011001000000
10000011001100000
10000011010000000
10000011010100000
10000011011000000
10000011011100000
10000011100000000
10000011100100000
10000011101000000
10000011101100000
10000011110000000
10000011110100000
10000011111000000
10000011111100000
10000100000000000
10000100000100000
10000100001000000
10000100001100000
10000100010000000
10000100010100000
10000100011000000
10000100011100000
10000100100000000
10000100100100000
10000100101000000
10000100101100000
10000100110000000
10000100110100000
10000100111000000
10000100111100000
10000101000000000
10000101000100000
10000101001000000
10000101001100000
10000101010000000
10000101010100000
10000101011000000
10000101011100000
10000101100000000
10000101100100000
10000101101000000
10000101101100000
10000101110000000
10000101110100000
10000101111000000
10000101111100000
10000110000000000
10000110000100000
10000110001000000
10000110001100000
10000110010000000
10000110010100000
10000110011000000
10000110011100000
10000110100000000
10000110100100000
10000110101000000
10000110101100000
10000110110000000
10000110110100000
10000110111000000
10000110111100000
10000111000000000
10000111000100000
10000111001000000
10000111001100000
10000111010000000
10000111010100000
10000111011000000
10000111011100000
10000111100000000
10000111100100000
10000111101000000
10000111101100000
10000111110000000
10000111110100000
10000111111000000
10000111111100000
10010000000000000
10010000000100000
10010000001000000
10010000001100000
10010000010000000
10010000010100000
10010000011000000
10010000011100000
10010000100000000
10010000100100000
10010000101000000
10010000101100000
10010000110000000
10010000110100000
10010000111000000
10010000111100000
10010001000000000
10010001000100000
10010001001000000
10010001001100000
10010001010000000
10010001010100000
10010001011000000
10010001011100000
10010001100000000
10010001100100000
10010001101000000
10010001101100000
10010001110000000
10010001110100000
10010001111000000
10010001111100000
10010010000000000
10010010000100000
10010010001000000
10010010001100000
10010010010000000
10010010010100000
10010010011000000
10010010011100000
10010010100000000
10010010100100000
10010010101000000
10010010101100000
10010010110000000
10010010110100000
10010010111000000
10010010111100000
10010011000000000
10010011000100000
10010011001000000
10010011001100000
10010011010000000
10010011010100000
10010011011000000
10010011011100000
10010011100000000
10010011100100000
10010011101000000
10010011101100000
10010011110000000
10010011110100000
10010011111000000
10010011111100000
10010100000000000
10010100000100000
10010100001000000
10010100001100000
10010100010000000
10010100010100000
10010100011000000
10010100011100000
10010100100000000
10010100100100000
10010100101000000
10010100101100000
10010100110000000
10010100110100000
10010100111000000
10010100111100000
10010101000000000
10010101000100000
10010101001000000
10010101001100000
10010101010000000
10010101010100000
10010101011000000
10010101011100000
10010101100000000
10010101100100000
10010101101000000
10010101101100000
10010101110000000
10010101110100000
10010101111000000
10010101111100000
10010110000000000
10010110000100000
10010110001000000
10010110001100000
10010110010000000
10010110010100000
10010110011000000
10010110011100000
10010110100000000
10010110100100000
10010110101000000
10010110101100000
10010110110000000
10010110110100000
10010110111000000
10010110111100000
10010111000000000
10010111000100000
10010111001000000
10010111001100000
10010111010000000
10010111010100000
10010111011000000
10010111011100000
10010111100000000
10010111100100000
10010111101000000
10010111101100000
10010111110000000
10010111110100000
10010111111000000
10010111111100000
10100000000000000
10100000000100000
10100000001000000
10100000001100000
10100000010000000
10100000010100000
10100000011000000
10100000011100000
10100000100000000
10100000100100000
10100000101000000
10100000101100000
10100000110000000
10100000110100000
10100000111000000
10100000111100000
10100001000000000
10100001000100000
10100001001000000
10100001001100000
10100001010000000
10100001010100000
10100001011000000
10100001011100000
10100001100000000
10100001100100000
10100001101000000
10100001101100000
10100001110000000
10100001110100000
10100001111000000
10100001111100000
10100010000000000
10100010000100000
10100010001000000
10100010001100000
10100010010000000
10100010010100000
10100010011000000
10100010011100000
10100010100000000
10100010100100000
10100010101000000
10100010101100000
10100010110000000
10100010110100000
10100010111000000
10100010111100000
10100011000000000
10100011000100000
10100011001000000
10100011001100000
10100011010000000
10100011010100000
10100011011000000
10100011011100000
10100011100000000
10100011100100000
10100011101000000
10100011101100000
10100011110000000
10100011110100000
10100011111000000
10100011111100000
10100100000000000
10100100000100000
10100100001000000
10100100001100000
10100100010000000
10100100010100000
10100100011000000
10100100011100000
10100100100000000
10100100100100000
10100100101000000
10100100101100000
10100100110000000
10100100110100000
10100100111000000
10100100111100000
10100101000000000
10100101000100000
10100101001000000
10100101001100000
10100101010000000
10100101010100000
10100101011000000
10100101011100000
10100101100000000
10100101100100000
10100101101000000
10100101101100000
10100101110000000
10100101110100000
10100101111000000
10100101111100000
10100110000000000
10100110000100000
10100110001000000
10100110001100000
10100110010000000
10100110010100000
10100110011000000
10100110011100000
10100110100000000
10100110100100000
10100110101000000
10100110101100000
10100110110000000
10100110110100000
10100110111000000
10100110111100000
10100111000000000
10100111000100000
10100111001000000
10100111001100000
10100111010000000
10100111010100000
10100111011000000
10100111011100000
10100111100000000
10100111100100000
10100111101000000
10100111101100000
10100111110000000
10100111110100000
10100111111000000
10100111111100000
10110000000000000
10110000000100000
10110000001000000
10110000001100000
10110000010000000
10110000010100000
10110000011000000
10110000011100000
10110000100000000
10110000100100000
10110000101000000
10110000101100000
10110000110000000
10110000110100000
10110000111000000
10110000111100000
10110001000000000
10110001000100000
10110001001000000
10110001001100000
10110001010000000
10110001010100000
10110001011000000
10110001011100000
10110001100000000
10110001100100000
10110001101000000
10110001101100000
10110001110000000
10110001110100000
10110001111000000
10110001111100000
10110010000000000
10110010000100000
10110010001000000
10110010001100000
10110010010000000
10110010010100000
10110010011000000
10110010011100000
10110010100000000
10110010100100000
10110010101000000
10110010101100000
10110010110000000
10110010110100000
10110010111000000
10110010111100000
10110011000000000
10110011000100000
10110011001000000
10110011001100000
10110011010000000
10110011010100000
10110011011000000
10110011011100000
10110011100000000
10110011100100000
10110011101000000
10110011101100000
10110011110000000
10110011110100000
10110011111000000
10110011111100000
10110100000000000
10110100000100000
10110100001000000
10110100001100000
10110100010000000
10110100010100000
10110100011000000
10110100011100000
10110100100000000
10110100100100000
10110100101000000
10110100101100000
10110100110000000
10110100110100000
10110100111000000
10110100111100000
10110101000000000
10110101000100000
10110101001000000
10110101001100000
10110101010000000
10110101010100000
10110101011000000
10110101011100000
10110101100000000
10110101100100000
10110101101000000
10110101101100000
10110101110000000
10110101110100000
10110101111000000
10110101111100000
10110110000000000
10110110000100000
10110110001000000
10110110001100000
10110110010000000
10110110010100000
10110110011000000
10110110011100000
10110110100000000
10110110100100000
10110110101000000
10110110101100000
10110110110000000
10110110110100000
10110110111000000
10110110111100000
10110111000000000
10110111000100000
10110111001000000
10110111001100000
10110111010000000
10110111010100000
10110111011000000
10110111011100000
10110111100000000
10110111100100000
10110111101000000
10110111101100000
10110111110000000
10110111110100000
10110111111000000
10110111111100000
11000000000000000
11000000000100000
11000000001000000
11000000001100000
11000000010000000
11000000010100000
11000000011000000
11000000011100000
11000000100000000
11000000100100000
11000000101000000
11000000101100000
11000000110000000
11000000110100000
11000000111000000
11000000111100000
11000001000000000
11000001000100000
11000001001000000
11000001001100000
11000001010000000
11000001010100000
11000001011000000
11000001011100000
11000001100000000
11000001100100000
11000001101000000
11000001101100000
11000001110000000
11000001110100000
11000001111000000
11000001111100000
11000010000000000
11000010000100000
11000010001000000
11000010001100000
11000010010000000
11000010010100000
11000010011000000
11000010011100000
11000010100000000
11000010100100000
11000010101000000
11000010101100000
11000010110000000
11000010110100000
11000010111000000
11000010111100000
11000011000000000
11000011000100000
11000011001000000
11000011001100000
11000011010000000
11000011010100000
11000011011000000
11000011011100000
11000011100000000
11000011100100000
11000011101000000
11000011101100000
11000011110000000
11000011110100000
11000011111000000
11000011111100000
11000100000000000
11000100000100000
11000100001000000
11000100001100000
11000100010000000
11000100010100000
11000100011000000
11000100011100000
11000100100000000
11000100100100000
11000100101000000
11000100101100000
11000100110000000
11000100110100000
11000100111000000
11000100111100000
11000101000000000
11000101000100000
11000101001000000
11000101001100000
11000101010000000
11000101010100000
11000101011000000
11000101011100000
11000101100000000
11000101100100000
11000101101000000
11000101101100000
11000101110000000
11000101110100000
11000101111000000
11000101111100000
11000110000000000
11000110000100000
11000110001000000
11000110001100000
11000110010000000
11000110010100000
11000110011000000
11000110011100000
11000110100000000
11000110100100000
11000110101000000
11000110101100000
11000110110000000
11000110110100000
11000110111000000
11000110111100000
11000111000000000
11000111000100000
11000111001000000
11000111001100000
11000111010000000
11000111010100000
11000111011000000
11000111011100000
11000111100000000
11000111100100000
11000111101000000
11000111101100000
11000111110000000
11000111110100000
11000111111000000
11000111111100000
11010000000000000
11010000000100000
11010000001000000
11010000001100000
11010000010000000
11010000010100000
11010000011000000
11010000011100000
11010000100000000
11010000100100000
11010000101000000
11010000101100000
11010000110000000
11010000110100000
11010000111000000
11010000111100000
11010001000000000
11010001000100000
11010001001000000
11010001001100000
11010001010000000
11010001010100000
11010001011000000
11010001011100000
11010001100000000
11010001100100000
11010001101000000
11010001101100000
11010001110000000
11010001110100000
11010001111000000
11010001111100000
11010010000000000
11010010000100000
11010010001000000
11010010001100000
11010010010000000
11010010010100000
11010010011000000
11010010011100000
11010010100000000
11010010100100000
11010010101000000
11010010101100000
11010010110000000
11010010110100000
11010010111000000
11010010111100000
11010011000000000
11010011000100000
11010011001000000
11010011001100000
11010011010000000
11010011010100000
11010011011000000
11010011011100000
11010011100000000
11010011100100000
11010011101000000
11010011101100000
11010011110000000
11010011110100000
11010011111000000
11010011111100000
11010100000000000
11010100000100000
11010100001000000
11010100001100000
11010100010000000
11010100010100000
11010100011000000
11010100011100000
11010100100000000
11010100100100000
11010100101000000
11010100101100000
11010100110000000
11010100110100000
11010100111000000
11010100111100000
11010101000000000
11010101000100000
11010101001000000
11010101001100000
11010101010000000
11010101010100000
11010101011000000
11010101011100000
11010101100000000
11010101100100000
11010101101000000
11010101101100000
11010101110000000
11010101110100000
11010101111000000
11010101111100000
11010110000000000
11010110000100000
11010110001000000
11010110001100000
11010110010000000
11010110010100000
11010110011000000
11010110011100000
11010110100000000
11010110100100000
11010110101000000
11010110101100000
11010110110000000
11010110110100000
11010110111000000
11010110111100000
11010111000000000
11010111000100000
11010111001000000
11010111001100000
11010111010000000
11010111010100000
11010111011000000
11010111011100000
11010111100000000
11010111100100000
11010111101000000
11010111101100000
11010111110000000
11010111110100000
11010111111000000
11010111111100000
11100000000000000
11100000000100000
11100000001000000
11100000001100000
11100000010000000
11100000010100000
11100000011000000
11100000011100000
11100000100000000
11100000100100000
11100000101000000
11100000101100000
11100000110000000
11100000110100000
11100000111000000
11100000111100000
11100001000000000
11100001000100000
11100001001000000
11100001001100000
11100001010000000
11100001010100000
11100001011000000
11100001011100000
11100001100000000
11100001100100000
11100001101000000
11100001101100000
11100001110000000
11100001110100000
11100001111000000
11100001111100000
11100010000000000
11100010000100000
11100010001000000
11100010001100000
11100010010000000
11100010010100000
11100010011000000
11100010011100000
11100010100000000
11100010100100000
11100010101000000
11100010101100000
11100010110000000
11100010110100000
11100010111000000
11100010111100000
11100011000000000
11100011000100000
11100011001000000
11100011001100000
11100011010000000
11100011010100000
11100011011000000
11100011011100000
11100011100000000
11100011100100000
11100011101000000
11100011101100000
11100011110000000
11100011110100000
11100011111000000
11100011111100000
11100100000000000
11100100000100000
11100100001000000
11100100001100000
11100100010000000
11100100010100000
11100100011000000
11100100011100000
11100100100000000
11100100100100000
11100100101000000
11100100101100000
11100100110000000
11100100110100000
11100100111000000
11100100111100000
11100101000000000
11100101000100000
11100101001000000
11100101001100000
11100101010000000
11100101010100000
11100101011000000
11100101011100000
11100101100000000
11100101100100000
11100101101000000
11100101101100000
11100101110000000
11100101110100000
11100101111000000
11100101111100000
11100110000000000
11100110000100000
11100110001000000
11100110001100000
11100110010000000
11100110010100000
11100110011000000
11100110011100000
11100110100000000
11100110100100000
11100110101000000
11100110101100000
11100110110000000
11100110110100000
11100110111000000
11100110111100000
11100111000000000
11100111000100000
11100111001000000
11100111001100000
11100111010000000
11100111010100000
11100111011000000
11100111011100000
11100111100000000
11100111100100000
11100111101000000
11100111101100000
11100111110000000
11100111110100000
11100111111000000
11100111111100000
11110000000000000
11110000000100000
11110000001000000
11110000001100000
11110000010000000
11110000010100000
11110000011000000
11110000011100000
11110000100000000
11110000100100000
11110000101000000
11110000101100000
11110000110000000
11110000110100000
11110000111000000
11110000111100000
11110001000000000
11110001000100000
11110001001000000
11110001001100000
11110001010000000
11110001010100000
11110001011000000
11110001011100000
11110001100000000
11110001100100000
11110001101000000
11110001101100000
11110001110000000
11110001110100000
11110001111000000
11110001111100000
11110010000000000
11110010000100000
11110010001000000
11110010001100000
11110010010000000
11110010010100000
11110010011000000
11110010011100000
11110010100000000
11110010100100000
11110010101000000
11110010101100000
11110010110000000
11110010110100000
11110010111000000
11110010111100000
11110011000000000
11110011000100000
11110011001000000
11110011001100000
11110011010000000
11110011010100000
11110011011000000
11110011011100000
11110011100000000
11110011100100000
11110011101000000
11110011101100000
11110011110000000
11110011110100000
11110011111000000
11110011111100000
11110100000000000
11110100000100000
11110100001000000
11110100001100000
11110100010000000
11110100010100000
11110100011000000
11110100011100000
11110100100000000
11110100100100000
11110100101000000
11110100101100000
11110100110000000
11110100110100000
11110100111000000
11110100111100000
11110101000000000
11110101000100000
11110101001000000
11110101001100000
11110101010000000
11110101010100000
11110101011000000
11110101011100000
11110101100000000
11110101100100000
11110101101000000
11110101101100000
11110101110000000
11110101110100000
11110101111000000
11110101111100000
11110110000000000
11110110000100000
11110110001000000
11110110001100000
11110110010000000
11110110010100000
11110110011000000
11110110011100000
11110110100000000
11110110100100000
11110110101000000
11110110101100000
11110110110000000
11110110110100000
11110110111000000
11110110111100000
11110111000000000
11110111000100000
11110111001000000
11110111001100000
11110111010000000
11110111010100000
11110111011000000
11110111011100000
11110111100000000
11110111100100000
11110111101000000
11110111101100000
11110111110000000
11110111110100000
11110111111000000
11110111111100000
