00000000000000000
00000000000000001
00000000000000010
00000000000000011
00000000000000100
00000000000000101
00000000000000110
00000000000000111
00000000000001000
00000000000001001
00000000000001010
00000000000001011
00000000000001100
00000000000001101
00000000000001110
00001000000000000
00001000000000001
00001000000000010
00001000000000011
00001000000000100
00001000000000101
00001000000000110
00001000000001000
00001000000001001
00001000000001010
00001000000001100
00010000000000000
00010000000000001
00010000000000010
00010000000000011
00010000000000100
00010000000000101
00010000000000110
00010000000001000
00010000000001001
00010000000001010
00010000000001100
00011000000000000
00011000000000001
00011000000000010
00011000000000100
00011000000001000
00100000000000000
00100000000000001
00100000000000010
00100000000000011
00100000000000100
00100000000000101
00100000000000110
00100000000001000
00100000000001001
00100000000001010
00100000000001100
00101000000000000
00101000000000001
00101000000000010
00101000000000100
00101000000001000
00110000000000000
00110000000000001
00110000000000010
00110000000000100
00110000000001000
00111000000000000
01000000000000000
01000000000000001
01000000000000010
01000000000000011
01000000000000100
01000000000000101
01000000000000110
01000000000001000
01000000000001001
01000000000001010
01000000000001100
01001000000000000
01001000000000001
01001000000000010
01001000000000100
01001000000001000
01010000000000000
01010000000000001
01010000000000010
01010000000000100
01010000000001000
01011000000000000
01100000000000000
01100000000000001
01100000000000010
01100000000000100
01100000000001000
01101000000000000
01110000000000000
10000000000000000
10000000000000001
10000000000000010
10000000000000011
10000000000000100
10000000000000101
10000000000000110
10000000000001000
10000000000001001
10000000000001010
10000000000001100
10001000000000000
10001000000000001
10001000000000010
10001000000000100
10001000000001000
10010000000000000
10010000000000001
10010000000000010
10010000000000100
10010000000001000
10011000000000000
10100000000000000
10100000000000001
10100000000000010
10100000000000100
10100000000001000
10101000000000000
10110000000000000
11000000000000000
11000000000000001
11000000000000010
11000000000000100
11000000000001000
11001000000000000
11010000000000000
11100000000000000
