00000000000000000
00000000000000010
00000000000000100
00000000000000110
00000000000001000
00000000000001010
00000000000001100
00000000000001110
00000000000010000
00000000000010010
00000000000010100
00000000000010110
00000000000011000
00000000000011010
00000000000011100
00000000000011110
00000000000100000
00000000000100010
00000000000100100
00000000000100110
00000000000101000
00000000000101010
00000000000101100
00000000000101110
00000000000110000
00000000000110010
00000000000110100
00000000000110110
00000000000111000
00000000000111010
00000000000111100
00000000000111110
00000000001000000
00000000001000010
00000000001000100
00000000001000110
00000000001001000
00000000001001010
00000000001001100
00000000001001110
00000000001010000
00000000001010010
00000000001010100
00000000001010110
00000000001011000
00000000001011010
00000000001011100
00000000001011110
00000000001100000
00000000001100010
00000000001100100
00000000001100110
00000000001101000
00000000001101010
00000000001101100
00000000001101110
00000000001110000
00000000001110010
00000000001110100
00000000001110110
00000000001111000
00000000001111010
00000000001111100
00000000001111110
00000000010000000
00000000010000010
00000000010000100
00000000010000110
00000000010001000
00000000010001010
00000000010001100
00000000010001110
00000000010010000
00000000010010010
00000000010010100
00000000010010110
00000000010011000
00000000010011010
00000000010011100
00000000010011110
00000000010100000
00000000010100010
00000000010100100
00000000010100110
00000000010101000
00000000010101010
00000000010101100
00000000010101110
00000000010110000
00000000010110010
00000000010110100
00000000010110110
00000000010111000
00000000010111010
00000000010111100
00000000010111110
00000000011000000
00000000011000010
00000000011000100
00000000011000110
00000000011001000
00000000011001010
00000000011001100
00000000011001110
00000000011010000
00000000011010010
00000000011010100
00000000011010110
00000000011011000
00000000011011010
00000000011011100
00000000011011110
00000000011100000
00000000011100010
00000000011100100
00000000011100110
00000000011101000
00000000011101010
00000000011101100
00000000011101110
00000000011110000
00000000011110010
00000000011110100
00000000011110110
00000000011111000
00000000011111010
00000000011111100
00000000011111110
00000000100000000
00000000100000010
00000000100000100
00000000100000110
00000000100001000
00000000100001010
00000000100001100
00000000100001110
00000000100010000
00000000100010010
00000000100010100
00000000100010110
00000000100011000
00000000100011010
00000000100011100
00000000100011110
00000000100100000
00000000100100010
00000000100100100
00000000100100110
00000000100101000
00000000100101010
00000000100101100
00000000100101110
00000000100110000
00000000100110010
00000000100110100
00000000100110110
00000000100111000
00000000100111010
00000000100111100
00000000100111110
00000000101000000
00000000101000010
00000000101000100
00000000101000110
00000000101001000
00000000101001010
00000000101001100
00000000101001110
00000000101010000
00000000101010010
00000000101010100
00000000101010110
00000000101011000
00000000101011010
00000000101011100
00000000101011110
00000000101100000
00000000101100010
00000000101100100
00000000101100110
00000000101101000
00000000101101010
00000000101101100
00000000101101110
00000000101110000
00000000101110010
00000000101110100
00000000101110110
00000000101111000
00000000101111010
00000000101111100
00000000101111110
00000000110000000
00000000110000010
00000000110000100
00000000110000110
00000000110001000
00000000110001010
00000000110001100
00000000110001110
00000000110010000
00000000110010010
00000000110010100
00000000110010110
00000000110011000
00000000110011010
00000000110011100
00000000110011110
00000000110100000
00000000110100010
00000000110100100
00000000110100110
00000000110101000
00000000110101010
00000000110101100
00000000110101110
00000000110110000
00000000110110010
00000000110110100
00000000110110110
00000000110111000
00000000110111010
00000000110111100
00000000110111110
00000000111000000
00000000111000010
00000000111000100
00000000111000110
00000000111001000
00000000111001010
00000000111001100
00000000111001110
00000000111010000
00000000111010010
00000000111010100
00000000111010110
00000000111011000
00000000111011010
00000000111011100
00000000111011110
00000000111100000
00000000111100010
00000000111100100
00000000111100110
00000000111101000
00000000111101010
00000000111101100
00000000111101110
00000000111110000
00000000111110010
00000000111110100
00000000111110110
00000000111111000
00000000111111010
00000000111111100
00000000111111110
00000010000000000
00000010000000010
00000010000000100
00000010000000110
00000010000001000
00000010000001010
00000010000001100
00000010000001110
00000010000010000
00000010000010010
00000010000010100
00000010000010110
00000010000011000
00000010000011010
00000010000011100
00000010000011110
00000010000100000
00000010000100010
00000010000100100
00000010000100110
00000010000101000
00000010000101010
00000010000101100
00000010000101110
00000010000110000
00000010000110010
00000010000110100
00000010000110110
00000010000111000
00000010000111010
00000010000111100
00000010000111110
00000010001000000
00000010001000010
00000010001000100
00000010001000110
00000010001001000
00000010001001010
00000010001001100
00000010001001110
00000010001010000
00000010001010010
00000010001010100
00000010001010110
00000010001011000
00000010001011010
00000010001011100
00000010001011110
00000010001100000
00000010001100010
00000010001100100
00000010001100110
00000010001101000
00000010001101010
00000010001101100
00000010001101110
00000010001110000
00000010001110010
00000010001110100
00000010001110110
00000010001111000
00000010001111010
00000010001111100
00000010001111110
00000010010000000
00000010010000010
00000010010000100
00000010010000110
00000010010001000
00000010010001010
00000010010001100
00000010010001110
00000010010010000
00000010010010010
00000010010010100
00000010010010110
00000010010011000
00000010010011010
00000010010011100
00000010010011110
00000010010100000
00000010010100010
00000010010100100
00000010010100110
00000010010101000
00000010010101010
00000010010101100
00000010010101110
00000010010110000
00000010010110010
00000010010110100
00000010010110110
00000010010111000
00000010010111010
00000010010111100
00000010010111110
00000010011000000
00000010011000010
00000010011000100
00000010011000110
00000010011001000
00000010011001010
00000010011001100
00000010011001110
00000010011010000
00000010011010010
00000010011010100
00000010011010110
00000010011011000
00000010011011010
00000010011011100
00000010011011110
00000010011100000
00000010011100010
00000010011100100
00000010011100110
00000010011101000
00000010011101010
00000010011101100
00000010011101110
00000010011110000
00000010011110010
00000010011110100
00000010011110110
00000010011111000
00000010011111010
00000010011111100
00000010011111110
00000010100000000
00000010100000010
00000010100000100
00000010100000110
00000010100001000
00000010100001010
00000010100001100
00000010100001110
00000010100010000
00000010100010010
00000010100010100
00000010100010110
00000010100011000
00000010100011010
00000010100011100
00000010100011110
00000010100100000
00000010100100010
00000010100100100
00000010100100110
00000010100101000
00000010100101010
00000010100101100
00000010100101110
00000010100110000
00000010100110010
00000010100110100
00000010100110110
00000010100111000
00000010100111010
00000010100111100
00000010100111110
00000010101000000
00000010101000010
00000010101000100
00000010101000110
00000010101001000
00000010101001010
00000010101001100
00000010101001110
00000010101010000
00000010101010010
00000010101010100
00000010101010110
00000010101011000
00000010101011010
00000010101011100
00000010101011110
00000010101100000
00000010101100010
00000010101100100
00000010101100110
00000010101101000
00000010101101010
00000010101101100
00000010101101110
00000010101110000
00000010101110010
00000010101110100
00000010101110110
00000010101111000
00000010101111010
00000010101111100
00000010101111110
00000010110000000
00000010110000010
00000010110000100
00000010110000110
00000010110001000
00000010110001010
00000010110001100
00000010110001110
00000010110010000
00000010110010010
00000010110010100
00000010110010110
00000010110011000
00000010110011010
00000010110011100
00000010110011110
00000010110100000
00000010110100010
00000010110100100
00000010110100110
00000010110101000
00000010110101010
00000010110101100
00000010110101110
00000010110110000
00000010110110010
00000010110110100
00000010110110110
00000010110111000
00000010110111010
00000010110111100
00000010110111110
00000010111000000
00000010111000010
00000010111000100
00000010111000110
00000010111001000
00000010111001010
00000010111001100
00000010111001110
00000010111010000
00000010111010010
00000010111010100
00000010111010110
00000010111011000
00000010111011010
00000010111011100
00000010111011110
00000010111100000
00000010111100010
00000010111100100
00000010111100110
00000010111101000
00000010111101010
00000010111101100
00000010111101110
00000010111110000
00000010111110010
00000010111110100
00000010111110110
00000010111111000
00000010111111010
00000010111111100
00000010111111110
00000100000000000
00000100000000010
00000100000000100
00000100000000110
00000100000001000
00000100000001010
00000100000001100
00000100000001110
00000100000010000
00000100000010010
00000100000010100
00000100000010110
00000100000011000
00000100000011010
00000100000011100
00000100000011110
00000100000100000
00000100000100010
00000100000100100
00000100000100110
00000100000101000
00000100000101010
00000100000101100
00000100000101110
00000100000110000
00000100000110010
00000100000110100
00000100000110110
00000100000111000
00000100000111010
00000100000111100
00000100000111110
00000100001000000
00000100001000010
00000100001000100
00000100001000110
00000100001001000
00000100001001010
00000100001001100
00000100001001110
00000100001010000
00000100001010010
00000100001010100
00000100001010110
00000100001011000
00000100001011010
00000100001011100
00000100001011110
00000100001100000
00000100001100010
00000100001100100
00000100001100110
00000100001101000
00000100001101010
00000100001101100
00000100001101110
00000100001110000
00000100001110010
00000100001110100
00000100001110110
00000100001111000
00000100001111010
00000100001111100
00000100001111110
00000100010000000
00000100010000010
00000100010000100
00000100010000110
00000100010001000
00000100010001010
00000100010001100
00000100010001110
00000100010010000
00000100010010010
00000100010010100
00000100010010110
00000100010011000
00000100010011010
00000100010011100
00000100010011110
00000100010100000
00000100010100010
00000100010100100
00000100010100110
00000100010101000
00000100010101010
00000100010101100
00000100010101110
00000100010110000
00000100010110010
00000100010110100
00000100010110110
00000100010111000
00000100010111010
00000100010111100
00000100010111110
00000100011000000
00000100011000010
00000100011000100
00000100011000110
00000100011001000
00000100011001010
00000100011001100
00000100011001110
00000100011010000
00000100011010010
00000100011010100
00000100011010110
00000100011011000
00000100011011010
00000100011011100
00000100011011110
00000100011100000
00000100011100010
00000100011100100
00000100011100110
00000100011101000
00000100011101010
00000100011101100
00000100011101110
00000100011110000
00000100011110010
00000100011110100
00000100011110110
00000100011111000
00000100011111010
00000100011111100
00000100011111110
00000100100000000
00000100100000010
00000100100000100
00000100100000110
00000100100001000
00000100100001010
00000100100001100
00000100100001110
00000100100010000
00000100100010010
00000100100010100
00000100100010110
00000100100011000
00000100100011010
00000100100011100
00000100100011110
00000100100100000
00000100100100010
00000100100100100
00000100100100110
00000100100101000
00000100100101010
00000100100101100
00000100100101110
00000100100110000
00000100100110010
00000100100110100
00000100100110110
00000100100111000
00000100100111010
00000100100111100
00000100100111110
00000100101000000
00000100101000010
00000100101000100
00000100101000110
00000100101001000
00000100101001010
00000100101001100
00000100101001110
00000100101010000
00000100101010010
00000100101010100
00000100101010110
00000100101011000
00000100101011010
00000100101011100
00000100101011110
00000100101100000
00000100101100010
00000100101100100
00000100101100110
00000100101101000
00000100101101010
00000100101101100
00000100101101110
00000100101110000
00000100101110010
00000100101110100
00000100101110110
00000100101111000
00000100101111010
00000100101111100
00000100101111110
00000100110000000
00000100110000010
00000100110000100
00000100110000110
00000100110001000
00000100110001010
00000100110001100
00000100110001110
00000100110010000
00000100110010010
00000100110010100
00000100110010110
00000100110011000
00000100110011010
00000100110011100
00000100110011110
00000100110100000
00000100110100010
00000100110100100
00000100110100110
00000100110101000
00000100110101010
00000100110101100
00000100110101110
00000100110110000
00000100110110010
00000100110110100
00000100110110110
00000100110111000
00000100110111010
00000100110111100
00000100110111110
00000100111000000
00000100111000010
00000100111000100
00000100111000110
00000100111001000
00000100111001010
00000100111001100
00000100111001110
00000100111010000
00000100111010010
00000100111010100
00000100111010110
00000100111011000
00000100111011010
00000100111011100
00000100111011110
00000100111100000
00000100111100010
00000100111100100
00000100111100110
00000100111101000
00000100111101010
00000100111101100
00000100111101110
00000100111110000
00000100111110010
00000100111110100
00000100111110110
00000100111111000
00000100111111010
00000100111111100
00000100111111110
00000110000000000
00000110000000010
00000110000000100
00000110000000110
00000110000001000
00000110000001010
00000110000001100
00000110000001110
00000110000010000
00000110000010010
00000110000010100
00000110000010110
00000110000011000
00000110000011010
00000110000011100
00000110000011110
00000110000100000
00000110000100010
00000110000100100
00000110000100110
00000110000101000
00000110000101010
00000110000101100
00000110000101110
00000110000110000
00000110000110010
00000110000110100
00000110000110110
00000110000111000
00000110000111010
00000110000111100
00000110000111110
00000110001000000
00000110001000010
00000110001000100
00000110001000110
00000110001001000
00000110001001010
00000110001001100
00000110001001110
00000110001010000
00000110001010010
00000110001010100
00000110001010110
00000110001011000
00000110001011010
00000110001011100
00000110001011110
00000110001100000
00000110001100010
00000110001100100
00000110001100110
00000110001101000
00000110001101010
00000110001101100
00000110001101110
00000110001110000
00000110001110010
00000110001110100
00000110001110110
00000110001111000
00000110001111010
00000110001111100
00000110001111110
00000110010000000
00000110010000010
00000110010000100
00000110010000110
00000110010001000
00000110010001010
00000110010001100
00000110010001110
00000110010010000
00000110010010010
00000110010010100
00000110010010110
00000110010011000
00000110010011010
00000110010011100
00000110010011110
00000110010100000
00000110010100010
00000110010100100
00000110010100110
00000110010101000
00000110010101010
00000110010101100
00000110010101110
00000110010110000
00000110010110010
00000110010110100
00000110010110110
00000110010111000
00000110010111010
00000110010111100
00000110010111110
00000110011000000
00000110011000010
00000110011000100
00000110011000110
00000110011001000
00000110011001010
00000110011001100
00000110011001110
00000110011010000
00000110011010010
00000110011010100
00000110011010110
00000110011011000
00000110011011010
00000110011011100
00000110011011110
00000110011100000
00000110011100010
00000110011100100
00000110011100110
00000110011101000
00000110011101010
00000110011101100
00000110011101110
00000110011110000
00000110011110010
00000110011110100
00000110011110110
00000110011111000
00000110011111010
00000110011111100
00000110011111110
00000110100000000
00000110100000010
00000110100000100
00000110100000110
00000110100001000
00000110100001010
00000110100001100
00000110100001110
00000110100010000
00000110100010010
00000110100010100
00000110100010110
00000110100011000
00000110100011010
00000110100011100
00000110100011110
00000110100100000
00000110100100010
00000110100100100
00000110100100110
00000110100101000
00000110100101010
00000110100101100
00000110100101110
00000110100110000
00000110100110010
00000110100110100
00000110100110110
00000110100111000
00000110100111010
00000110100111100
00000110100111110
00000110101000000
00000110101000010
00000110101000100
00000110101000110
00000110101001000
00000110101001010
00000110101001100
00000110101001110
00000110101010000
00000110101010010
00000110101010100
00000110101010110
00000110101011000
00000110101011010
00000110101011100
00000110101011110
00000110101100000
00000110101100010
00000110101100100
00000110101100110
00000110101101000
00000110101101010
00000110101101100
00000110101101110
00000110101110000
00000110101110010
00000110101110100
00000110101110110
00000110101111000
00000110101111010
00000110101111100
00000110101111110
00000110110000000
00000110110000010
00000110110000100
00000110110000110
00000110110001000
00000110110001010
00000110110001100
00000110110001110
00000110110010000
00000110110010010
00000110110010100
00000110110010110
00000110110011000
00000110110011010
00000110110011100
00000110110011110
00000110110100000
00000110110100010
00000110110100100
00000110110100110
00000110110101000
00000110110101010
00000110110101100
00000110110101110
00000110110110000
00000110110110010
00000110110110100
00000110110110110
00000110110111000
00000110110111010
00000110110111100
00000110110111110
00000110111000000
00000110111000010
00000110111000100
00000110111000110
00000110111001000
00000110111001010
00000110111001100
00000110111001110
00000110111010000
00000110111010010
00000110111010100
00000110111010110
00000110111011000
00000110111011010
00000110111011100
00000110111011110
00000110111100000
00000110111100010
00000110111100100
00000110111100110
00000110111101000
00000110111101010
00000110111101100
00000110111101110
00000110111110000
00000110111110010
00000110111110100
00000110111110110
00000110111111000
00000110111111010
00000110111111100
00000110111111110
00001000000000000
00001000000000010
00001000000000100
00001000000000110
00001000000001000
00001000000001010
00001000000001100
00001000000001110
00001000000010000
00001000000010010
00001000000010100
00001000000010110
00001000000011000
00001000000011010
00001000000011100
00001000000011110
00001000000100000
00001000000100010
00001000000100100
00001000000100110
00001000000101000
00001000000101010
00001000000101100
00001000000101110
00001000000110000
00001000000110010
00001000000110100
00001000000110110
00001000000111000
00001000000111010
00001000000111100
00001000000111110
00001000001000000
00001000001000010
00001000001000100
00001000001000110
00001000001001000
00001000001001010
00001000001001100
00001000001001110
00001000001010000
00001000001010010
00001000001010100
00001000001010110
00001000001011000
00001000001011010
00001000001011100
00001000001011110
00001000001100000
00001000001100010
00001000001100100
00001000001100110
00001000001101000
00001000001101010
00001000001101100
00001000001101110
00001000001110000
00001000001110010
00001000001110100
00001000001110110
00001000001111000
00001000001111010
00001000001111100
00001000001111110
00001000010000000
00001000010000010
00001000010000100
00001000010000110
00001000010001000
00001000010001010
00001000010001100
00001000010001110
00001000010010000
00001000010010010
00001000010010100
00001000010010110
00001000010011000
00001000010011010
00001000010011100
00001000010011110
00001000010100000
00001000010100010
00001000010100100
00001000010100110
00001000010101000
00001000010101010
00001000010101100
00001000010101110
00001000010110000
00001000010110010
00001000010110100
00001000010110110
00001000010111000
00001000010111010
00001000010111100
00001000010111110
00001000011000000
00001000011000010
00001000011000100
00001000011000110
00001000011001000
00001000011001010
00001000011001100
00001000011001110
00001000011010000
00001000011010010
00001000011010100
00001000011010110
00001000011011000
00001000011011010
00001000011011100
00001000011011110
00001000011100000
00001000011100010
00001000011100100
00001000011100110
00001000011101000
00001000011101010
00001000011101100
00001000011101110
00001000011110000
00001000011110010
00001000011110100
00001000011110110
00001000011111000
00001000011111010
00001000011111100
00001000011111110
00001000100000000
00001000100000010
00001000100000100
00001000100000110
00001000100001000
00001000100001010
00001000100001100
00001000100001110
00001000100010000
00001000100010010
00001000100010100
00001000100010110
00001000100011000
00001000100011010
00001000100011100
00001000100011110
00001000100100000
00001000100100010
00001000100100100
00001000100100110
00001000100101000
00001000100101010
00001000100101100
00001000100101110
00001000100110000
00001000100110010
00001000100110100
00001000100110110
00001000100111000
00001000100111010
00001000100111100
00001000100111110
00001000101000000
00001000101000010
00001000101000100
00001000101000110
00001000101001000
00001000101001010
00001000101001100
00001000101001110
00001000101010000
00001000101010010
00001000101010100
00001000101010110
00001000101011000
00001000101011010
00001000101011100
00001000101011110
00001000101100000
00001000101100010
00001000101100100
00001000101100110
00001000101101000
00001000101101010
00001000101101100
00001000101101110
00001000101110000
00001000101110010
00001000101110100
00001000101110110
00001000101111000
00001000101111010
00001000101111100
00001000101111110
00001000110000000
00001000110000010
00001000110000100
00001000110000110
00001000110001000
00001000110001010
00001000110001100
00001000110001110
00001000110010000
00001000110010010
00001000110010100
00001000110010110
00001000110011000
00001000110011010
00001000110011100
00001000110011110
00001000110100000
00001000110100010
00001000110100100
00001000110100110
00001000110101000
00001000110101010
00001000110101100
00001000110101110
00001000110110000
00001000110110010
00001000110110100
00001000110110110
00001000110111000
00001000110111010
00001000110111100
00001000110111110
00001000111000000
00001000111000010
00001000111000100
00001000111000110
00001000111001000
00001000111001010
00001000111001100
00001000111001110
00001000111010000
00001000111010010
00001000111010100
00001000111010110
00001000111011000
00001000111011010
00001000111011100
00001000111011110
00001000111100000
00001000111100010
00001000111100100
00001000111100110
00001000111101000
00001000111101010
00001000111101100
00001000111101110
00001000111110000
00001000111110010
00001000111110100
00001000111110110
00001000111111000
00001000111111010
00001000111111100
00001000111111110
00001010000000000
00001010000000010
00001010000000100
00001010000000110
00001010000001000
00001010000001010
00001010000001100
00001010000001110
00001010000010000
00001010000010010
00001010000010100
00001010000010110
00001010000011000
00001010000011010
00001010000011100
00001010000011110
00001010000100000
00001010000100010
00001010000100100
00001010000100110
00001010000101000
00001010000101010
00001010000101100
00001010000101110
00001010000110000
00001010000110010
00001010000110100
00001010000110110
00001010000111000
00001010000111010
00001010000111100
00001010000111110
00001010001000000
00001010001000010
00001010001000100
00001010001000110
00001010001001000
00001010001001010
00001010001001100
00001010001001110
00001010001010000
00001010001010010
00001010001010100
00001010001010110
00001010001011000
00001010001011010
00001010001011100
00001010001011110
00001010001100000
00001010001100010
00001010001100100
00001010001100110
00001010001101000
00001010001101010
00001010001101100
00001010001101110
00001010001110000
00001010001110010
00001010001110100
00001010001110110
00001010001111000
00001010001111010
00001010001111100
00001010001111110
00001010010000000
00001010010000010
00001010010000100
00001010010000110
00001010010001000
00001010010001010
00001010010001100
00001010010001110
00001010010010000
00001010010010010
00001010010010100
00001010010010110
00001010010011000
00001010010011010
00001010010011100
00001010010011110
00001010010100000
00001010010100010
00001010010100100
00001010010100110
00001010010101000
00001010010101010
00001010010101100
00001010010101110
00001010010110000
00001010010110010
00001010010110100
00001010010110110
00001010010111000
00001010010111010
00001010010111100
00001010010111110
00001010011000000
00001010011000010
00001010011000100
00001010011000110
00001010011001000
00001010011001010
00001010011001100
00001010011001110
00001010011010000
00001010011010010
00001010011010100
00001010011010110
00001010011011000
00001010011011010
00001010011011100
00001010011011110
00001010011100000
00001010011100010
00001010011100100
00001010011100110
00001010011101000
00001010011101010
00001010011101100
00001010011101110
00001010011110000
00001010011110010
00001010011110100
00001010011110110
00001010011111000
00001010011111010
00001010011111100
00001010011111110
00001010100000000
00001010100000010
00001010100000100
00001010100000110
00001010100001000
00001010100001010
00001010100001100
00001010100001110
00001010100010000
00001010100010010
00001010100010100
00001010100010110
00001010100011000
00001010100011010
00001010100011100
00001010100011110
00001010100100000
00001010100100010
00001010100100100
00001010100100110
00001010100101000
00001010100101010
00001010100101100
00001010100101110
00001010100110000
00001010100110010
00001010100110100
00001010100110110
00001010100111000
00001010100111010
00001010100111100
00001010100111110
00001010101000000
00001010101000010
00001010101000100
00001010101000110
00001010101001000
00001010101001010
00001010101001100
00001010101001110
00001010101010000
00001010101010010
00001010101010100
00001010101010110
00001010101011000
00001010101011010
00001010101011100
00001010101011110
00001010101100000
00001010101100010
00001010101100100
00001010101100110
00001010101101000
00001010101101010
00001010101101100
00001010101101110
00001010101110000
00001010101110010
00001010101110100
00001010101110110
00001010101111000
00001010101111010
00001010101111100
00001010101111110
00001010110000000
00001010110000010
00001010110000100
00001010110000110
00001010110001000
00001010110001010
00001010110001100
00001010110001110
00001010110010000
00001010110010010
00001010110010100
00001010110010110
00001010110011000
00001010110011010
00001010110011100
00001010110011110
00001010110100000
00001010110100010
00001010110100100
00001010110100110
00001010110101000
00001010110101010
00001010110101100
00001010110101110
00001010110110000
00001010110110010
00001010110110100
00001010110110110
00001010110111000
00001010110111010
00001010110111100
00001010110111110
00001010111000000
00001010111000010
00001010111000100
00001010111000110
00001010111001000
00001010111001010
00001010111001100
00001010111001110
00001010111010000
00001010111010010
00001010111010100
00001010111010110
00001010111011000
00001010111011010
00001010111011100
00001010111011110
00001010111100000
00001010111100010
00001010111100100
00001010111100110
00001010111101000
00001010111101010
00001010111101100
00001010111101110
00001010111110000
00001010111110010
00001010111110100
00001010111110110
00001010111111000
00001010111111010
00001010111111100
00001010111111110
00001100000000000
00001100000000010
00001100000000100
00001100000000110
00001100000001000
00001100000001010
00001100000001100
00001100000001110
00001100000010000
00001100000010010
00001100000010100
00001100000010110
00001100000011000
00001100000011010
00001100000011100
00001100000011110
00001100000100000
00001100000100010
00001100000100100
00001100000100110
00001100000101000
00001100000101010
00001100000101100
00001100000101110
00001100000110000
00001100000110010
00001100000110100
00001100000110110
00001100000111000
00001100000111010
00001100000111100
00001100000111110
00001100001000000
00001100001000010
00001100001000100
00001100001000110
00001100001001000
00001100001001010
00001100001001100
00001100001001110
00001100001010000
00001100001010010
00001100001010100
00001100001010110
00001100001011000
00001100001011010
00001100001011100
00001100001011110
00001100001100000
00001100001100010
00001100001100100
00001100001100110
00001100001101000
00001100001101010
00001100001101100
00001100001101110
00001100001110000
00001100001110010
00001100001110100
00001100001110110
00001100001111000
00001100001111010
00001100001111100
00001100001111110
00001100010000000
00001100010000010
00001100010000100
00001100010000110
00001100010001000
00001100010001010
00001100010001100
00001100010001110
00001100010010000
00001100010010010
00001100010010100
00001100010010110
00001100010011000
00001100010011010
00001100010011100
00001100010011110
00001100010100000
00001100010100010
00001100010100100
00001100010100110
00001100010101000
00001100010101010
00001100010101100
00001100010101110
00001100010110000
00001100010110010
00001100010110100
00001100010110110
00001100010111000
00001100010111010
00001100010111100
00001100010111110
00001100011000000
00001100011000010
00001100011000100
00001100011000110
00001100011001000
00001100011001010
00001100011001100
00001100011001110
00001100011010000
00001100011010010
00001100011010100
00001100011010110
00001100011011000
00001100011011010
00001100011011100
00001100011011110
00001100011100000
00001100011100010
00001100011100100
00001100011100110
00001100011101000
00001100011101010
00001100011101100
00001100011101110
00001100011110000
00001100011110010
00001100011110100
00001100011110110
00001100011111000
00001100011111010
00001100011111100
00001100011111110
00001100100000000
00001100100000010
00001100100000100
00001100100000110
00001100100001000
00001100100001010
00001100100001100
00001100100001110
00001100100010000
00001100100010010
00001100100010100
00001100100010110
00001100100011000
00001100100011010
00001100100011100
00001100100011110
00001100100100000
00001100100100010
00001100100100100
00001100100100110
00001100100101000
00001100100101010
00001100100101100
00001100100101110
00001100100110000
00001100100110010
00001100100110100
00001100100110110
00001100100111000
00001100100111010
00001100100111100
00001100100111110
00001100101000000
00001100101000010
00001100101000100
00001100101000110
00001100101001000
00001100101001010
00001100101001100
00001100101001110
00001100101010000
00001100101010010
00001100101010100
00001100101010110
00001100101011000
00001100101011010
00001100101011100
00001100101011110
00001100101100000
00001100101100010
00001100101100100
00001100101100110
00001100101101000
00001100101101010
00001100101101100
00001100101101110
00001100101110000
00001100101110010
00001100101110100
00001100101110110
00001100101111000
00001100101111010
00001100101111100
00001100101111110
00001100110000000
00001100110000010
00001100110000100
00001100110000110
00001100110001000
00001100110001010
00001100110001100
00001100110001110
00001100110010000
00001100110010010
00001100110010100
00001100110010110
00001100110011000
00001100110011010
00001100110011100
00001100110011110
00001100110100000
00001100110100010
00001100110100100
00001100110100110
00001100110101000
00001100110101010
00001100110101100
00001100110101110
00001100110110000
00001100110110010
00001100110110100
00001100110110110
00001100110111000
00001100110111010
00001100110111100
00001100110111110
00001100111000000
00001100111000010
00001100111000100
00001100111000110
00001100111001000
00001100111001010
00001100111001100
00001100111001110
00001100111010000
00001100111010010
00001100111010100
00001100111010110
00001100111011000
00001100111011010
00001100111011100
00001100111011110
00001100111100000
00001100111100010
00001100111100100
00001100111100110
00001100111101000
00001100111101010
00001100111101100
00001100111101110
00001100111110000
00001100111110010
00001100111110100
00001100111110110
00001100111111000
00001100111111010
00001100111111100
00001100111111110
00001110000000000
00001110000000010
00001110000000100
00001110000000110
00001110000001000
00001110000001010
00001110000001100
00001110000001110
00001110000010000
00001110000010010
00001110000010100
00001110000010110
00001110000011000
00001110000011010
00001110000011100
00001110000011110
00001110000100000
00001110000100010
00001110000100100
00001110000100110
00001110000101000
00001110000101010
00001110000101100
00001110000101110
00001110000110000
00001110000110010
00001110000110100
00001110000110110
00001110000111000
00001110000111010
00001110000111100
00001110000111110
00001110001000000
00001110001000010
00001110001000100
00001110001000110
00001110001001000
00001110001001010
00001110001001100
00001110001001110
00001110001010000
00001110001010010
00001110001010100
00001110001010110
00001110001011000
00001110001011010
00001110001011100
00001110001011110
00001110001100000
00001110001100010
00001110001100100
00001110001100110
00001110001101000
00001110001101010
00001110001101100
00001110001101110
00001110001110000
00001110001110010
00001110001110100
00001110001110110
00001110001111000
00001110001111010
00001110001111100
00001110001111110
00001110010000000
00001110010000010
00001110010000100
00001110010000110
00001110010001000
00001110010001010
00001110010001100
00001110010001110
00001110010010000
00001110010010010
00001110010010100
00001110010010110
00001110010011000
00001110010011010
00001110010011100
00001110010011110
00001110010100000
00001110010100010
00001110010100100
00001110010100110
00001110010101000
00001110010101010
00001110010101100
00001110010101110
00001110010110000
00001110010110010
00001110010110100
00001110010110110
00001110010111000
00001110010111010
00001110010111100
00001110010111110
00001110011000000
00001110011000010
00001110011000100
00001110011000110
00001110011001000
00001110011001010
00001110011001100
00001110011001110
00001110011010000
00001110011010010
00001110011010100
00001110011010110
00001110011011000
00001110011011010
00001110011011100
00001110011011110
00001110011100000
00001110011100010
00001110011100100
00001110011100110
00001110011101000
00001110011101010
00001110011101100
00001110011101110
00001110011110000
00001110011110010
00001110011110100
00001110011110110
00001110011111000
00001110011111010
00001110011111100
00001110011111110
00001110100000000
00001110100000010
00001110100000100
00001110100000110
00001110100001000
00001110100001010
00001110100001100
00001110100001110
00001110100010000
00001110100010010
00001110100010100
00001110100010110
00001110100011000
00001110100011010
00001110100011100
00001110100011110
00001110100100000
00001110100100010
00001110100100100
00001110100100110
00001110100101000
00001110100101010
00001110100101100
00001110100101110
00001110100110000
00001110100110010
00001110100110100
00001110100110110
00001110100111000
00001110100111010
00001110100111100
00001110100111110
00001110101000000
00001110101000010
00001110101000100
00001110101000110
00001110101001000
00001110101001010
00001110101001100
00001110101001110
00001110101010000
00001110101010010
00001110101010100
00001110101010110
00001110101011000
00001110101011010
00001110101011100
00001110101011110
00001110101100000
00001110101100010
00001110101100100
00001110101100110
00001110101101000
00001110101101010
00001110101101100
00001110101101110
00001110101110000
00001110101110010
00001110101110100
00001110101110110
00001110101111000
00001110101111010
00001110101111100
00001110101111110
00001110110000000
00001110110000010
00001110110000100
00001110110000110
00001110110001000
00001110110001010
00001110110001100
00001110110001110
00001110110010000
00001110110010010
00001110110010100
00001110110010110
00001110110011000
00001110110011010
00001110110011100
00001110110011110
00001110110100000
00001110110100010
00001110110100100
00001110110100110
00001110110101000
00001110110101010
00001110110101100
00001110110101110
00001110110110000
00001110110110010
00001110110110100
00001110110110110
00001110110111000
00001110110111010
00001110110111100
00001110110111110
00001110111000000
00001110111000010
00001110111000100
00001110111000110
00001110111001000
00001110111001010
00001110111001100
00001110111001110
00001110111010000
00001110111010010
00001110111010100
00001110111010110
00001110111011000
00001110111011010
00001110111011100
00001110111011110
00001110111100000
00001110111100010
00001110111100100
00001110111100110
00001110111101000
00001110111101010
00001110111101100
00001110111101110
00001110111110000
00001110111110010
00001110111110100
00001110111110110
00001110111111000
00001110111111010
00001110111111100
00001110111111110
00010000000000000
00010000000000010
00010000000000100
00010000000000110
00010000000001000
00010000000001010
00010000000001100
00010000000001110
00010000000010000
00010000000010010
00010000000010100
00010000000010110
00010000000011000
00010000000011010
00010000000011100
00010000000011110
00010000000100000
00010000000100010
00010000000100100
00010000000100110
00010000000101000
00010000000101010
00010000000101100
00010000000101110
00010000000110000
00010000000110010
00010000000110100
00010000000110110
00010000000111000
00010000000111010
00010000000111100
00010000000111110
00010000001000000
00010000001000010
00010000001000100
00010000001000110
00010000001001000
00010000001001010
00010000001001100
00010000001001110
00010000001010000
00010000001010010
00010000001010100
00010000001010110
00010000001011000
00010000001011010
00010000001011100
00010000001011110
00010000001100000
00010000001100010
00010000001100100
00010000001100110
00010000001101000
00010000001101010
00010000001101100
00010000001101110
00010000001110000
00010000001110010
00010000001110100
00010000001110110
00010000001111000
00010000001111010
00010000001111100
00010000001111110
00010000010000000
00010000010000010
00010000010000100
00010000010000110
00010000010001000
00010000010001010
00010000010001100
00010000010001110
00010000010010000
00010000010010010
00010000010010100
00010000010010110
00010000010011000
00010000010011010
00010000010011100
00010000010011110
00010000010100000
00010000010100010
00010000010100100
00010000010100110
00010000010101000
00010000010101010
00010000010101100
00010000010101110
00010000010110000
00010000010110010
00010000010110100
00010000010110110
00010000010111000
00010000010111010
00010000010111100
00010000010111110
00010000011000000
00010000011000010
00010000011000100
00010000011000110
00010000011001000
00010000011001010
00010000011001100
00010000011001110
00010000011010000
00010000011010010
00010000011010100
00010000011010110
00010000011011000
00010000011011010
00010000011011100
00010000011011110
00010000011100000
00010000011100010
00010000011100100
00010000011100110
00010000011101000
00010000011101010
00010000011101100
00010000011101110
00010000011110000
00010000011110010
00010000011110100
00010000011110110
00010000011111000
00010000011111010
00010000011111100
00010000011111110
00010000100000000
00010000100000010
00010000100000100
00010000100000110
00010000100001000
00010000100001010
00010000100001100
00010000100001110
00010000100010000
00010000100010010
00010000100010100
00010000100010110
00010000100011000
00010000100011010
00010000100011100
00010000100011110
00010000100100000
00010000100100010
00010000100100100
00010000100100110
00010000100101000
00010000100101010
00010000100101100
00010000100101110
00010000100110000
00010000100110010
00010000100110100
00010000100110110
00010000100111000
00010000100111010
00010000100111100
00010000100111110
00010000101000000
00010000101000010
00010000101000100
00010000101000110
00010000101001000
00010000101001010
00010000101001100
00010000101001110
00010000101010000
00010000101010010
00010000101010100
00010000101010110
00010000101011000
00010000101011010
00010000101011100
00010000101011110
00010000101100000
00010000101100010
00010000101100100
00010000101100110
00010000101101000
00010000101101010
00010000101101100
00010000101101110
00010000101110000
00010000101110010
00010000101110100
00010000101110110
00010000101111000
00010000101111010
00010000101111100
00010000101111110
00010000110000000
00010000110000010
00010000110000100
00010000110000110
00010000110001000
00010000110001010
00010000110001100
00010000110001110
00010000110010000
00010000110010010
00010000110010100
00010000110010110
00010000110011000
00010000110011010
00010000110011100
00010000110011110
00010000110100000
00010000110100010
00010000110100100
00010000110100110
00010000110101000
00010000110101010
00010000110101100
00010000110101110
00010000110110000
00010000110110010
00010000110110100
00010000110110110
00010000110111000
00010000110111010
00010000110111100
00010000110111110
00010000111000000
00010000111000010
00010000111000100
00010000111000110
00010000111001000
00010000111001010
00010000111001100
00010000111001110
00010000111010000
00010000111010010
00010000111010100
00010000111010110
00010000111011000
00010000111011010
00010000111011100
00010000111011110
00010000111100000
00010000111100010
00010000111100100
00010000111100110
00010000111101000
00010000111101010
00010000111101100
00010000111101110
00010000111110000
00010000111110010
00010000111110100
00010000111110110
00010000111111000
00010000111111010
00010000111111100
00010000111111110
00010010000000000
00010010000000010
00010010000000100
00010010000000110
00010010000001000
00010010000001010
00010010000001100
00010010000001110
00010010000010000
00010010000010010
00010010000010100
00010010000010110
00010010000011000
00010010000011010
00010010000011100
00010010000011110
00010010000100000
00010010000100010
00010010000100100
00010010000100110
00010010000101000
00010010000101010
00010010000101100
00010010000101110
00010010000110000
00010010000110010
00010010000110100
00010010000110110
00010010000111000
00010010000111010
00010010000111100
00010010000111110
00010010001000000
00010010001000010
00010010001000100
00010010001000110
00010010001001000
00010010001001010
00010010001001100
00010010001001110
00010010001010000
00010010001010010
00010010001010100
00010010001010110
00010010001011000
00010010001011010
00010010001011100
00010010001011110
00010010001100000
00010010001100010
00010010001100100
00010010001100110
00010010001101000
00010010001101010
00010010001101100
00010010001101110
00010010001110000
00010010001110010
00010010001110100
00010010001110110
00010010001111000
00010010001111010
00010010001111100
00010010001111110
00010010010000000
00010010010000010
00010010010000100
00010010010000110
00010010010001000
00010010010001010
00010010010001100
00010010010001110
00010010010010000
00010010010010010
00010010010010100
00010010010010110
00010010010011000
00010010010011010
00010010010011100
00010010010011110
00010010010100000
00010010010100010
00010010010100100
00010010010100110
00010010010101000
00010010010101010
00010010010101100
00010010010101110
00010010010110000
00010010010110010
00010010010110100
00010010010110110
00010010010111000
00010010010111010
00010010010111100
00010010010111110
00010010011000000
00010010011000010
00010010011000100
00010010011000110
00010010011001000
00010010011001010
00010010011001100
00010010011001110
00010010011010000
00010010011010010
00010010011010100
00010010011010110
00010010011011000
00010010011011010
00010010011011100
00010010011011110
00010010011100000
00010010011100010
00010010011100100
00010010011100110
00010010011101000
00010010011101010
00010010011101100
00010010011101110
00010010011110000
00010010011110010
00010010011110100
00010010011110110
00010010011111000
00010010011111010
00010010011111100
00010010011111110
00010010100000000
00010010100000010
00010010100000100
00010010100000110
00010010100001000
00010010100001010
00010010100001100
00010010100001110
00010010100010000
00010010100010010
00010010100010100
00010010100010110
00010010100011000
00010010100011010
00010010100011100
00010010100011110
00010010100100000
00010010100100010
00010010100100100
00010010100100110
00010010100101000
00010010100101010
00010010100101100
00010010100101110
00010010100110000
00010010100110010
00010010100110100
00010010100110110
00010010100111000
00010010100111010
00010010100111100
00010010100111110
00010010101000000
00010010101000010
00010010101000100
00010010101000110
00010010101001000
00010010101001010
00010010101001100
00010010101001110
00010010101010000
00010010101010010
00010010101010100
00010010101010110
00010010101011000
00010010101011010
00010010101011100
00010010101011110
00010010101100000
00010010101100010
00010010101100100
00010010101100110
00010010101101000
00010010101101010
00010010101101100
00010010101101110
00010010101110000
00010010101110010
00010010101110100
00010010101110110
00010010101111000
00010010101111010
00010010101111100
00010010101111110
00010010110000000
00010010110000010
00010010110000100
00010010110000110
00010010110001000
00010010110001010
00010010110001100
00010010110001110
00010010110010000
00010010110010010
00010010110010100
00010010110010110
00010010110011000
00010010110011010
00010010110011100
00010010110011110
00010010110100000
00010010110100010
00010010110100100
00010010110100110
00010010110101000
00010010110101010
00010010110101100
00010010110101110
00010010110110000
00010010110110010
00010010110110100
00010010110110110
00010010110111000
00010010110111010
00010010110111100
00010010110111110
00010010111000000
00010010111000010
00010010111000100
00010010111000110
00010010111001000
00010010111001010
00010010111001100
00010010111001110
00010010111010000
00010010111010010
00010010111010100
00010010111010110
00010010111011000
00010010111011010
00010010111011100
00010010111011110
00010010111100000
00010010111100010
00010010111100100
00010010111100110
00010010111101000
00010010111101010
00010010111101100
00010010111101110
00010010111110000
00010010111110010
00010010111110100
00010010111110110
00010010111111000
00010010111111010
00010010111111100
00010010111111110
00010100000000000
00010100000000010
00010100000000100
00010100000000110
00010100000001000
00010100000001010
00010100000001100
00010100000001110
00010100000010000
00010100000010010
00010100000010100
00010100000010110
00010100000011000
00010100000011010
00010100000011100
00010100000011110
00010100000100000
00010100000100010
00010100000100100
00010100000100110
00010100000101000
00010100000101010
00010100000101100
00010100000101110
00010100000110000
00010100000110010
00010100000110100
00010100000110110
00010100000111000
00010100000111010
00010100000111100
00010100000111110
00010100001000000
00010100001000010
00010100001000100
00010100001000110
00010100001001000
00010100001001010
00010100001001100
00010100001001110
00010100001010000
00010100001010010
00010100001010100
00010100001010110
00010100001011000
00010100001011010
00010100001011100
00010100001011110
00010100001100000
00010100001100010
00010100001100100
00010100001100110
00010100001101000
00010100001101010
00010100001101100
00010100001101110
00010100001110000
00010100001110010
00010100001110100
00010100001110110
00010100001111000
00010100001111010
00010100001111100
00010100001111110
00010100010000000
00010100010000010
00010100010000100
00010100010000110
00010100010001000
00010100010001010
00010100010001100
00010100010001110
00010100010010000
00010100010010010
00010100010010100
00010100010010110
00010100010011000
00010100010011010
00010100010011100
00010100010011110
00010100010100000
00010100010100010
00010100010100100
00010100010100110
00010100010101000
00010100010101010
00010100010101100
00010100010101110
00010100010110000
00010100010110010
00010100010110100
00010100010110110
00010100010111000
00010100010111010
00010100010111100
00010100010111110
00010100011000000
00010100011000010
00010100011000100
00010100011000110
00010100011001000
00010100011001010
00010100011001100
00010100011001110
00010100011010000
00010100011010010
00010100011010100
00010100011010110
00010100011011000
00010100011011010
00010100011011100
00010100011011110
00010100011100000
00010100011100010
00010100011100100
00010100011100110
00010100011101000
00010100011101010
00010100011101100
00010100011101110
00010100011110000
00010100011110010
00010100011110100
00010100011110110
00010100011111000
00010100011111010
00010100011111100
00010100011111110
00010100100000000
00010100100000010
00010100100000100
00010100100000110
00010100100001000
00010100100001010
00010100100001100
00010100100001110
00010100100010000
00010100100010010
00010100100010100
00010100100010110
00010100100011000
00010100100011010
00010100100011100
00010100100011110
00010100100100000
00010100100100010
00010100100100100
00010100100100110
00010100100101000
00010100100101010
00010100100101100
00010100100101110
00010100100110000
00010100100110010
00010100100110100
00010100100110110
00010100100111000
00010100100111010
00010100100111100
00010100100111110
00010100101000000
00010100101000010
00010100101000100
00010100101000110
00010100101001000
00010100101001010
00010100101001100
00010100101001110
00010100101010000
00010100101010010
00010100101010100
00010100101010110
00010100101011000
00010100101011010
00010100101011100
00010100101011110
00010100101100000
00010100101100010
00010100101100100
00010100101100110
00010100101101000
00010100101101010
00010100101101100
00010100101101110
00010100101110000
00010100101110010
00010100101110100
00010100101110110
00010100101111000
00010100101111010
00010100101111100
00010100101111110
00010100110000000
00010100110000010
00010100110000100
00010100110000110
00010100110001000
00010100110001010
00010100110001100
00010100110001110
00010100110010000
00010100110010010
00010100110010100
00010100110010110
00010100110011000
00010100110011010
00010100110011100
00010100110011110
00010100110100000
00010100110100010
00010100110100100
00010100110100110
00010100110101000
00010100110101010
00010100110101100
00010100110101110
00010100110110000
00010100110110010
00010100110110100
00010100110110110
00010100110111000
00010100110111010
00010100110111100
00010100110111110
00010100111000000
00010100111000010
00010100111000100
00010100111000110
00010100111001000
00010100111001010
00010100111001100
00010100111001110
00010100111010000
00010100111010010
00010100111010100
00010100111010110
00010100111011000
00010100111011010
00010100111011100
00010100111011110
00010100111100000
00010100111100010
00010100111100100
00010100111100110
00010100111101000
00010100111101010
00010100111101100
00010100111101110
00010100111110000
00010100111110010
00010100111110100
00010100111110110
00010100111111000
00010100111111010
00010100111111100
00010100111111110
00010110000000000
00010110000000010
00010110000000100
00010110000000110
00010110000001000
00010110000001010
00010110000001100
00010110000001110
00010110000010000
00010110000010010
00010110000010100
00010110000010110
00010110000011000
00010110000011010
00010110000011100
00010110000011110
00010110000100000
00010110000100010
00010110000100100
00010110000100110
00010110000101000
00010110000101010
00010110000101100
00010110000101110
00010110000110000
00010110000110010
00010110000110100
00010110000110110
00010110000111000
00010110000111010
00010110000111100
00010110000111110
00010110001000000
00010110001000010
00010110001000100
00010110001000110
00010110001001000
00010110001001010
00010110001001100
00010110001001110
00010110001010000
00010110001010010
00010110001010100
00010110001010110
00010110001011000
00010110001011010
00010110001011100
00010110001011110
00010110001100000
00010110001100010
00010110001100100
00010110001100110
00010110001101000
00010110001101010
00010110001101100
00010110001101110
00010110001110000
00010110001110010
00010110001110100
00010110001110110
00010110001111000
00010110001111010
00010110001111100
00010110001111110
00010110010000000
00010110010000010
00010110010000100
00010110010000110
00010110010001000
00010110010001010
00010110010001100
00010110010001110
00010110010010000
00010110010010010
00010110010010100
00010110010010110
00010110010011000
00010110010011010
00010110010011100
00010110010011110
00010110010100000
00010110010100010
00010110010100100
00010110010100110
00010110010101000
00010110010101010
00010110010101100
00010110010101110
00010110010110000
00010110010110010
00010110010110100
00010110010110110
00010110010111000
00010110010111010
00010110010111100
00010110010111110
00010110011000000
00010110011000010
00010110011000100
00010110011000110
00010110011001000
00010110011001010
00010110011001100
00010110011001110
00010110011010000
00010110011010010
00010110011010100
00010110011010110
00010110011011000
00010110011011010
00010110011011100
00010110011011110
00010110011100000
00010110011100010
00010110011100100
00010110011100110
00010110011101000
00010110011101010
00010110011101100
00010110011101110
00010110011110000
00010110011110010
00010110011110100
00010110011110110
00010110011111000
00010110011111010
00010110011111100
00010110011111110
00010110100000000
00010110100000010
00010110100000100
00010110100000110
00010110100001000
00010110100001010
00010110100001100
00010110100001110
00010110100010000
00010110100010010
00010110100010100
00010110100010110
00010110100011000
00010110100011010
00010110100011100
00010110100011110
00010110100100000
00010110100100010
00010110100100100
00010110100100110
00010110100101000
00010110100101010
00010110100101100
00010110100101110
00010110100110000
00010110100110010
00010110100110100
00010110100110110
00010110100111000
00010110100111010
00010110100111100
00010110100111110
00010110101000000
00010110101000010
00010110101000100
00010110101000110
00010110101001000
00010110101001010
00010110101001100
00010110101001110
00010110101010000
00010110101010010
00010110101010100
00010110101010110
00010110101011000
00010110101011010
00010110101011100
00010110101011110
00010110101100000
00010110101100010
00010110101100100
00010110101100110
00010110101101000
00010110101101010
00010110101101100
00010110101101110
00010110101110000
00010110101110010
00010110101110100
00010110101110110
00010110101111000
00010110101111010
00010110101111100
00010110101111110
00010110110000000
00010110110000010
00010110110000100
00010110110000110
00010110110001000
00010110110001010
00010110110001100
00010110110001110
00010110110010000
00010110110010010
00010110110010100
00010110110010110
00010110110011000
00010110110011010
00010110110011100
00010110110011110
00010110110100000
00010110110100010
00010110110100100
00010110110100110
00010110110101000
00010110110101010
00010110110101100
00010110110101110
00010110110110000
00010110110110010
00010110110110100
00010110110110110
00010110110111000
00010110110111010
00010110110111100
00010110110111110
00010110111000000
00010110111000010
00010110111000100
00010110111000110
00010110111001000
00010110111001010
00010110111001100
00010110111001110
00010110111010000
00010110111010010
00010110111010100
00010110111010110
00010110111011000
00010110111011010
00010110111011100
00010110111011110
00010110111100000
00010110111100010
00010110111100100
00010110111100110
00010110111101000
00010110111101010
00010110111101100
00010110111101110
00010110111110000
00010110111110010
00010110111110100
00010110111110110
00010110111111000
00010110111111010
00010110111111100
00010110111111110
00011000000000000
00011000000000010
00011000000000100
00011000000000110
00011000000001000
00011000000001010
00011000000001100
00011000000001110
00011000000010000
00011000000010010
00011000000010100
00011000000010110
00011000000011000
00011000000011010
00011000000011100
00011000000011110
00011000000100000
00011000000100010
00011000000100100
00011000000100110
00011000000101000
00011000000101010
00011000000101100
00011000000101110
00011000000110000
00011000000110010
00011000000110100
00011000000110110
00011000000111000
00011000000111010
00011000000111100
00011000000111110
00011000001000000
00011000001000010
00011000001000100
00011000001000110
00011000001001000
00011000001001010
00011000001001100
00011000001001110
00011000001010000
00011000001010010
00011000001010100
00011000001010110
00011000001011000
00011000001011010
00011000001011100
00011000001011110
00011000001100000
00011000001100010
00011000001100100
00011000001100110
00011000001101000
00011000001101010
00011000001101100
00011000001101110
00011000001110000
00011000001110010
00011000001110100
00011000001110110
00011000001111000
00011000001111010
00011000001111100
00011000001111110
00011000010000000
00011000010000010
00011000010000100
00011000010000110
00011000010001000
00011000010001010
00011000010001100
00011000010001110
00011000010010000
00011000010010010
00011000010010100
00011000010010110
00011000010011000
00011000010011010
00011000010011100
00011000010011110
00011000010100000
00011000010100010
00011000010100100
00011000010100110
00011000010101000
00011000010101010
00011000010101100
00011000010101110
00011000010110000
00011000010110010
00011000010110100
00011000010110110
00011000010111000
00011000010111010
00011000010111100
00011000010111110
00011000011000000
00011000011000010
00011000011000100
00011000011000110
00011000011001000
00011000011001010
00011000011001100
00011000011001110
00011000011010000
00011000011010010
00011000011010100
00011000011010110
00011000011011000
00011000011011010
00011000011011100
00011000011011110
00011000011100000
00011000011100010
00011000011100100
00011000011100110
00011000011101000
00011000011101010
00011000011101100
00011000011101110
00011000011110000
00011000011110010
00011000011110100
00011000011110110
00011000011111000
00011000011111010
00011000011111100
00011000011111110
00011000100000000
00011000100000010
00011000100000100
00011000100000110
00011000100001000
00011000100001010
00011000100001100
00011000100001110
00011000100010000
00011000100010010
00011000100010100
00011000100010110
00011000100011000
00011000100011010
00011000100011100
00011000100011110
00011000100100000
00011000100100010
00011000100100100
00011000100100110
00011000100101000
00011000100101010
00011000100101100
00011000100101110
00011000100110000
00011000100110010
00011000100110100
00011000100110110
00011000100111000
00011000100111010
00011000100111100
00011000100111110
00011000101000000
00011000101000010
00011000101000100
00011000101000110
00011000101001000
00011000101001010
00011000101001100
00011000101001110
00011000101010000
00011000101010010
00011000101010100
00011000101010110
00011000101011000
00011000101011010
00011000101011100
00011000101011110
00011000101100000
00011000101100010
00011000101100100
00011000101100110
00011000101101000
00011000101101010
00011000101101100
00011000101101110
00011000101110000
00011000101110010
00011000101110100
00011000101110110
00011000101111000
00011000101111010
00011000101111100
00011000101111110
00011000110000000
00011000110000010
00011000110000100
00011000110000110
00011000110001000
00011000110001010
00011000110001100
00011000110001110
00011000110010000
00011000110010010
00011000110010100
00011000110010110
00011000110011000
00011000110011010
00011000110011100
00011000110011110
00011000110100000
00011000110100010
00011000110100100
00011000110100110
00011000110101000
00011000110101010
00011000110101100
00011000110101110
00011000110110000
00011000110110010
00011000110110100
00011000110110110
00011000110111000
00011000110111010
00011000110111100
00011000110111110
00011000111000000
00011000111000010
00011000111000100
00011000111000110
00011000111001000
00011000111001010
00011000111001100
00011000111001110
00011000111010000
00011000111010010
00011000111010100
00011000111010110
00011000111011000
00011000111011010
00011000111011100
00011000111011110
00011000111100000
00011000111100010
00011000111100100
00011000111100110
00011000111101000
00011000111101010
00011000111101100
00011000111101110
00011000111110000
00011000111110010
00011000111110100
00011000111110110
00011000111111000
00011000111111010
00011000111111100
00011000111111110
00011010000000000
00011010000000010
00011010000000100
00011010000000110
00011010000001000
00011010000001010
00011010000001100
00011010000001110
00011010000010000
00011010000010010
00011010000010100
00011010000010110
00011010000011000
00011010000011010
00011010000011100
00011010000011110
00011010000100000
00011010000100010
00011010000100100
00011010000100110
00011010000101000
00011010000101010
00011010000101100
00011010000101110
00011010000110000
00011010000110010
00011010000110100
00011010000110110
00011010000111000
00011010000111010
00011010000111100
00011010000111110
00011010001000000
00011010001000010
00011010001000100
00011010001000110
00011010001001000
00011010001001010
00011010001001100
00011010001001110
00011010001010000
00011010001010010
00011010001010100
00011010001010110
00011010001011000
00011010001011010
00011010001011100
00011010001011110
00011010001100000
00011010001100010
00011010001100100
00011010001100110
00011010001101000
00011010001101010
00011010001101100
00011010001101110
00011010001110000
00011010001110010
00011010001110100
00011010001110110
00011010001111000
00011010001111010
00011010001111100
00011010001111110
00011010010000000
00011010010000010
00011010010000100
00011010010000110
00011010010001000
00011010010001010
00011010010001100
00011010010001110
00011010010010000
00011010010010010
00011010010010100
00011010010010110
00011010010011000
00011010010011010
00011010010011100
00011010010011110
00011010010100000
00011010010100010
00011010010100100
00011010010100110
00011010010101000
00011010010101010
00011010010101100
00011010010101110
00011010010110000
00011010010110010
00011010010110100
00011010010110110
00011010010111000
00011010010111010
00011010010111100
00011010010111110
00011010011000000
00011010011000010
00011010011000100
00011010011000110
00011010011001000
00011010011001010
00011010011001100
00011010011001110
00011010011010000
00011010011010010
00011010011010100
00011010011010110
00011010011011000
00011010011011010
00011010011011100
00011010011011110
00011010011100000
00011010011100010
00011010011100100
00011010011100110
00011010011101000
00011010011101010
00011010011101100
00011010011101110
00011010011110000
00011010011110010
00011010011110100
00011010011110110
00011010011111000
00011010011111010
00011010011111100
00011010011111110
00011010100000000
00011010100000010
00011010100000100
00011010100000110
00011010100001000
00011010100001010
00011010100001100
00011010100001110
00011010100010000
00011010100010010
00011010100010100
00011010100010110
00011010100011000
00011010100011010
00011010100011100
00011010100011110
00011010100100000
00011010100100010
00011010100100100
00011010100100110
00011010100101000
00011010100101010
00011010100101100
00011010100101110
00011010100110000
00011010100110010
00011010100110100
00011010100110110
00011010100111000
00011010100111010
00011010100111100
00011010100111110
00011010101000000
00011010101000010
00011010101000100
00011010101000110
00011010101001000
00011010101001010
00011010101001100
00011010101001110
00011010101010000
00011010101010010
00011010101010100
00011010101010110
00011010101011000
00011010101011010
00011010101011100
00011010101011110
00011010101100000
00011010101100010
00011010101100100
00011010101100110
00011010101101000
00011010101101010
00011010101101100
00011010101101110
00011010101110000
00011010101110010
00011010101110100
00011010101110110
00011010101111000
00011010101111010
00011010101111100
00011010101111110
00011010110000000
00011010110000010
00011010110000100
00011010110000110
00011010110001000
00011010110001010
00011010110001100
00011010110001110
00011010110010000
00011010110010010
00011010110010100
00011010110010110
00011010110011000
00011010110011010
00011010110011100
00011010110011110
00011010110100000
00011010110100010
00011010110100100
00011010110100110
00011010110101000
00011010110101010
00011010110101100
00011010110101110
00011010110110000
00011010110110010
00011010110110100
00011010110110110
00011010110111000
00011010110111010
00011010110111100
00011010110111110
00011010111000000
00011010111000010
00011010111000100
00011010111000110
00011010111001000
00011010111001010
00011010111001100
00011010111001110
00011010111010000
00011010111010010
00011010111010100
00011010111010110
00011010111011000
00011010111011010
00011010111011100
00011010111011110
00011010111100000
00011010111100010
00011010111100100
00011010111100110
00011010111101000
00011010111101010
00011010111101100
00011010111101110
00011010111110000
00011010111110010
00011010111110100
00011010111110110
00011010111111000
00011010111111010
00011010111111100
00011010111111110
00011100000000000
00011100000000010
00011100000000100
00011100000000110
00011100000001000
00011100000001010
00011100000001100
00011100000001110
00011100000010000
00011100000010010
00011100000010100
00011100000010110
00011100000011000
00011100000011010
00011100000011100
00011100000011110
00011100000100000
00011100000100010
00011100000100100
00011100000100110
00011100000101000
00011100000101010
00011100000101100
00011100000101110
00011100000110000
00011100000110010
00011100000110100
00011100000110110
00011100000111000
00011100000111010
00011100000111100
00011100000111110
00011100001000000
00011100001000010
00011100001000100
00011100001000110
00011100001001000
00011100001001010
00011100001001100
00011100001001110
00011100001010000
00011100001010010
00011100001010100
00011100001010110
00011100001011000
00011100001011010
00011100001011100
00011100001011110
00011100001100000
00011100001100010
00011100001100100
00011100001100110
00011100001101000
00011100001101010
00011100001101100
00011100001101110
00011100001110000
00011100001110010
00011100001110100
00011100001110110
00011100001111000
00011100001111010
00011100001111100
00011100001111110
00011100010000000
00011100010000010
00011100010000100
00011100010000110
00011100010001000
00011100010001010
00011100010001100
00011100010001110
00011100010010000
00011100010010010
00011100010010100
00011100010010110
00011100010011000
00011100010011010
00011100010011100
00011100010011110
00011100010100000
00011100010100010
00011100010100100
00011100010100110
00011100010101000
00011100010101010
00011100010101100
00011100010101110
00011100010110000
00011100010110010
00011100010110100
00011100010110110
00011100010111000
00011100010111010
00011100010111100
00011100010111110
00011100011000000
00011100011000010
00011100011000100
00011100011000110
00011100011001000
00011100011001010
00011100011001100
00011100011001110
00011100011010000
00011100011010010
00011100011010100
00011100011010110
00011100011011000
00011100011011010
00011100011011100
00011100011011110
00011100011100000
00011100011100010
00011100011100100
00011100011100110
00011100011101000
00011100011101010
00011100011101100
00011100011101110
00011100011110000
00011100011110010
00011100011110100
00011100011110110
00011100011111000
00011100011111010
00011100011111100
00011100011111110
00011100100000000
00011100100000010
00011100100000100
00011100100000110
00011100100001000
00011100100001010
00011100100001100
00011100100001110
00011100100010000
00011100100010010
00011100100010100
00011100100010110
00011100100011000
00011100100011010
00011100100011100
00011100100011110
00011100100100000
00011100100100010
00011100100100100
00011100100100110
00011100100101000
00011100100101010
00011100100101100
00011100100101110
00011100100110000
00011100100110010
00011100100110100
00011100100110110
00011100100111000
00011100100111010
00011100100111100
00011100100111110
00011100101000000
00011100101000010
00011100101000100
00011100101000110
00011100101001000
00011100101001010
00011100101001100
00011100101001110
00011100101010000
00011100101010010
00011100101010100
00011100101010110
00011100101011000
00011100101011010
00011100101011100
00011100101011110
00011100101100000
00011100101100010
00011100101100100
00011100101100110
00011100101101000
00011100101101010
00011100101101100
00011100101101110
00011100101110000
00011100101110010
00011100101110100
00011100101110110
00011100101111000
00011100101111010
00011100101111100
00011100101111110
00011100110000000
00011100110000010
00011100110000100
00011100110000110
00011100110001000
00011100110001010
00011100110001100
00011100110001110
00011100110010000
00011100110010010
00011100110010100
00011100110010110
00011100110011000
00011100110011010
00011100110011100
00011100110011110
00011100110100000
00011100110100010
00011100110100100
00011100110100110
00011100110101000
00011100110101010
00011100110101100
00011100110101110
00011100110110000
00011100110110010
00011100110110100
00011100110110110
00011100110111000
00011100110111010
00011100110111100
00011100110111110
00011100111000000
00011100111000010
00011100111000100
00011100111000110
00011100111001000
00011100111001010
00011100111001100
00011100111001110
00011100111010000
00011100111010010
00011100111010100
00011100111010110
00011100111011000
00011100111011010
00011100111011100
00011100111011110
00011100111100000
00011100111100010
00011100111100100
00011100111100110
00011100111101000
00011100111101010
00011100111101100
00011100111101110
00011100111110000
00011100111110010
00011100111110100
00011100111110110
00011100111111000
00011100111111010
00011100111111100
00011100111111110
00011110000000000
00011110000000010
00011110000000100
00011110000000110
00011110000001000
00011110000001010
00011110000001100
00011110000001110
00011110000010000
00011110000010010
00011110000010100
00011110000010110
00011110000011000
00011110000011010
00011110000011100
00011110000011110
00011110000100000
00011110000100010
00011110000100100
00011110000100110
00011110000101000
00011110000101010
00011110000101100
00011110000101110
00011110000110000
00011110000110010
00011110000110100
00011110000110110
00011110000111000
00011110000111010
00011110000111100
00011110000111110
00011110001000000
00011110001000010
00011110001000100
00011110001000110
00011110001001000
00011110001001010
00011110001001100
00011110001001110
00011110001010000
00011110001010010
00011110001010100
00011110001010110
00011110001011000
00011110001011010
00011110001011100
00011110001011110
00011110001100000
00011110001100010
00011110001100100
00011110001100110
00011110001101000
00011110001101010
00011110001101100
00011110001101110
00011110001110000
00011110001110010
00011110001110100
00011110001110110
00011110001111000
00011110001111010
00011110001111100
00011110001111110
00011110010000000
00011110010000010
00011110010000100
00011110010000110
00011110010001000
00011110010001010
00011110010001100
00011110010001110
00011110010010000
00011110010010010
00011110010010100
00011110010010110
00011110010011000
00011110010011010
00011110010011100
00011110010011110
00011110010100000
00011110010100010
00011110010100100
00011110010100110
00011110010101000
00011110010101010
00011110010101100
00011110010101110
00011110010110000
00011110010110010
00011110010110100
00011110010110110
00011110010111000
00011110010111010
00011110010111100
00011110010111110
00011110011000000
00011110011000010
00011110011000100
00011110011000110
00011110011001000
00011110011001010
00011110011001100
00011110011001110
00011110011010000
00011110011010010
00011110011010100
00011110011010110
00011110011011000
00011110011011010
00011110011011100
00011110011011110
00011110011100000
00011110011100010
00011110011100100
00011110011100110
00011110011101000
00011110011101010
00011110011101100
00011110011101110
00011110011110000
00011110011110010
00011110011110100
00011110011110110
00011110011111000
00011110011111010
00011110011111100
00011110011111110
00011110100000000
00011110100000010
00011110100000100
00011110100000110
00011110100001000
00011110100001010
00011110100001100
00011110100001110
00011110100010000
00011110100010010
00011110100010100
00011110100010110
00011110100011000
00011110100011010
00011110100011100
00011110100011110
00011110100100000
00011110100100010
00011110100100100
00011110100100110
00011110100101000
00011110100101010
00011110100101100
00011110100101110
00011110100110000
00011110100110010
00011110100110100
00011110100110110
00011110100111000
00011110100111010
00011110100111100
00011110100111110
00011110101000000
00011110101000010
00011110101000100
00011110101000110
00011110101001000
00011110101001010
00011110101001100
00011110101001110
00011110101010000
00011110101010010
00011110101010100
00011110101010110
00011110101011000
00011110101011010
00011110101011100
00011110101011110
00011110101100000
00011110101100010
00011110101100100
00011110101100110
00011110101101000
00011110101101010
00011110101101100
00011110101101110
00011110101110000
00011110101110010
00011110101110100
00011110101110110
00011110101111000
00011110101111010
00011110101111100
00011110101111110
00011110110000000
00011110110000010
00011110110000100
00011110110000110
00011110110001000
00011110110001010
00011110110001100
00011110110001110
00011110110010000
00011110110010010
00011110110010100
00011110110010110
00011110110011000
00011110110011010
00011110110011100
00011110110011110
00011110110100000
00011110110100010
00011110110100100
00011110110100110
00011110110101000
00011110110101010
00011110110101100
00011110110101110
00011110110110000
00011110110110010
00011110110110100
00011110110110110
00011110110111000
00011110110111010
00011110110111100
00011110110111110
00011110111000000
00011110111000010
00011110111000100
00011110111000110
00011110111001000
00011110111001010
00011110111001100
00011110111001110
00011110111010000
00011110111010010
00011110111010100
00011110111010110
00011110111011000
00011110111011010
00011110111011100
00011110111011110
00011110111100000
00011110111100010
00011110111100100
00011110111100110
00011110111101000
00011110111101010
00011110111101100
00011110111101110
00011110111110000
00011110111110010
00011110111110100
00011110111110110
00011110111111000
00011110111111010
00011110111111100
00011110111111110
