00000000000000000
00000000100000000
00000001000000000
00000001100000000
00000010000000000
00000010100000000
00000011000000000
00000011100000000
00000100000000000
00000100100000000
00000101000000000
00000101100000000
00000110000000000
00000110100000000
00000111000000000
00010000000000000
00010000100000000
00010001000000000
00010001100000000
00010010000000000
00010010100000000
00010011000000000
00010100000000000
00010100100000000
00010101000000000
00010110000000000
00100000000000000
00100000100000000
00100001000000000
00100001100000000
00100010000000000
00100010100000000
00100011000000000
00100100000000000
00100100100000000
00100101000000000
00100110000000000
00110000000000000
00110000100000000
00110001000000000
00110010000000000
00110100000000000
01000000000000000
01000000100000000
01000001000000000
01000001100000000
01000010000000000
01000010100000000
01000011000000000
01000100000000000
01000100100000000
01000101000000000
01000110000000000
01010000000000000
01010000100000000
01010001000000000
01010010000000000
01010100000000000
01100000000000000
01100000100000000
01100001000000000
01100010000000000
01100100000000000
01110000000000000
10000000000000000
10000000100000000
10000001000000000
10000001100000000
10000010000000000
10000010100000000
10000011000000000
10000100000000000
10000100100000000
10000101000000000
10000110000000000
10010000000000000
10010000100000000
10010001000000000
10010010000000000
10010100000000000
10100000000000000
10100000100000000
10100001000000000
10100010000000000
10100100000000000
10110000000000000
11000000000000000
11000000100000000
11000001000000000
11000010000000000
11000100000000000
11010000000000000
11100000000000000
