00000000000000000
00000000000000001
00000000000000010
00000000000000011
00000000000010000
00000000000010001
00000000000010010
00000000000010011
00000100000000000
00000100000000001
00000100000000010
00000100000000011
00000100000010000
00000100000010001
00000100000010010
00010000000000000
00010000000000001
00010000000000010
00010000000000011
00010000000010000
00010000000010001
00010000000010010
00010100000000000
00010100000000001
00010100000000010
00010100000010000
00100000000000000
00100000000000001
00100000000000010
00100000000000011
00100000000010000
00100000000010001
00100000000010010
00100100000000000
00100100000000001
00100100000000010
00100100000010000
00110000000000000
00110000000000001
00110000000000010
00110000000010000
00110100000000000
01000000000000000
01000000000000001
01000000000000010
01000000000000011
01000000000010000
01000000000010001
01000000000010010
01000100000000000
01000100000000001
01000100000000010
01000100000010000
01010000000000000
01010000000000001
01010000000000010
01010000000010000
01010100000000000
01100000000000000
01100000000000001
01100000000000010
01100000000010000
01100100000000000
01110000000000000
10000000000000000
10000000000000001
10000000000000010
10000000000000011
10000000000010000
10000000000010001
10000000000010010
10000100000000000
10000100000000001
10000100000000010
10000100000010000
10010000000000000
10010000000000001
10010000000000010
10010000000010000
10010100000000000
10100000000000000
10100000000000001
10100000000000010
10100000000010000
10100100000000000
10110000000000000
11000000000000000
11000000000000001
11000000000000010
11000000000010000
11000100000000000
11010000000000000
11100000000000000
